====== Sym2LowerBounds (2023/01/26, 14:30) for G=C14, H=C2C2C2C2C2C2C2======

LiE isotropy representation:      1X[0,0,0,0,0,0,0,0,0,0,1,0,1,0] +1X[0,0,0,0,0,0,0,0,1,0,0,0,1,0] +
     1X[0,0,0,0,0,0,0,0,1,0,1,0,0,0] +1X[0,0,0,0,0,0,1,0,0,0,0,0,1,0] +
     1X[0,0,0,0,0,0,1,0,0,0,1,0,0,0] +1X[0,0,0,0,0,0,1,0,1,0,0,0,0,0] +
     1X[0,0,0,0,1,0,0,0,0,0,0,0,1,0] +1X[0,0,0,0,1,0,0,0,0,0,1,0,0,0] +
     1X[0,0,0,0,1,0,0,0,1,0,0,0,0,0] +1X[0,0,0,0,1,0,1,0,0,0,0,0,0,0] +
     1X[0,0,1,0,0,0,0,0,0,0,0,0,1,0] +1X[0,0,1,0,0,0,0,0,0,0,1,0,0,0] +
     1X[0,0,1,0,0,0,0,0,1,0,0,0,0,0] +1X[0,0,1,0,0,0,1,0,0,0,0,0,0,0] +
     1X[0,0,1,0,1,0,0,0,0,0,0,0,0,0] +1X[1,0,0,0,0,0,0,0,0,0,0,0,1,0] +
     1X[1,0,0,0,0,0,0,0,0,0,1,0,0,0] +1X[1,0,0,0,0,0,0,0,1,0,0,0,0,0] +
     1X[1,0,0,0,0,0,1,0,0,0,0,0,0,0] +1X[1,0,0,0,1,0,0,0,0,0,0,0,0,0] +
     1X[1,0,1,0,0,0,0,0,0,0,0,0,0,0]
Einstein constant: E=1/3
Isotype in Sym^2_0                CasGMin        CasGMax        CasH           A*AMin         A*AMax         q(R)Min        
[0,0,0,0,0,0,0,0,0,0,0,0,0,0]     14/15          29/15          0              3/5            8/5            3/20           
[0,0,0,0,0,0,0,0,0,0,0,0,0,1]     14/15          29/15          2/15           7/15           22/15          1/4            
[0,0,0,0,0,0,0,0,0,0,0,1,0,0]     14/15          29/15          2/15           7/15           22/15          1/4            
[0,0,0,0,0,0,0,0,0,0,0,1,0,1]     29/15          29/15          4/15           4/3            4/3            3/5            
[0,0,0,0,0,0,0,0,0,0,1,0,1,0]     14/15          29/15          1/6            13/30          43/30          11/40          
[0,0,0,0,0,0,0,0,0,0,2,0,2,0]     29/15          32/15          2/5            6/5            7/5            7/10           
[0,0,0,0,0,0,0,0,0,1,0,0,0,0]     14/15          29/15          2/15           7/15           22/15          1/4            
[0,0,0,0,0,0,0,0,0,1,0,0,0,1]     29/15          29/15          4/15           4/3            4/3            3/5            
[0,0,0,0,0,0,0,0,0,1,0,1,0,0]     29/15          29/15          4/15           4/3            4/3            3/5            
[0,0,0,0,0,0,0,0,0,1,1,0,1,0]     29/15          29/15          3/10           13/10          13/10          5/8            
[0,0,0,0,0,0,0,0,1,0,0,0,1,0]     14/15          29/15          1/6            13/30          43/30          11/40          
[0,0,0,0,0,0,0,0,1,0,0,1,1,0]     29/15          29/15          3/10           13/10          13/10          5/8            
[0,0,0,0,0,0,0,0,1,0,1,0,0,0]     14/15          29/15          1/6            13/30          43/30          11/40          
[0,0,0,0,0,0,0,0,1,0,1,0,0,1]     29/15          29/15          3/10           13/10          13/10          5/8            
[0,0,0,0,0,0,0,0,1,0,1,0,2,0]     29/15          32/15          11/30          37/30          43/30          27/40          
[0,0,0,0,0,0,0,0,1,0,2,0,1,0]     29/15          32/15          11/30          37/30          43/30          27/40          
[0,0,0,0,0,0,0,0,2,0,0,0,2,0]     29/15          32/15          2/5            6/5            7/5            7/10           
[0,0,0,0,0,0,0,0,2,0,1,0,1,0]     29/15          32/15          11/30          37/30          43/30          27/40          
[0,0,0,0,0,0,0,0,2,0,2,0,0,0]     29/15          32/15          2/5            6/5            7/5            7/10           
[0,0,0,0,0,0,0,1,0,0,0,0,0,0]     14/15          29/15          2/15           7/15           22/15          1/4            
[0,0,0,0,0,0,0,1,0,0,0,0,0,1]     29/15          29/15          4/15           4/3            4/3            3/5            
[0,0,0,0,0,0,0,1,0,0,0,1,0,0]     29/15          29/15          4/15           4/3            4/3            3/5            
[0,0,0,0,0,0,0,1,0,0,1,0,1,0]     29/15          29/15          3/10           13/10          13/10          5/8            
[0,0,0,0,0,0,0,1,0,1,0,0,0,0]     29/15          29/15          4/15           4/3            4/3            3/5            
[0,0,0,0,0,0,0,1,1,0,0,0,1,0]     29/15          29/15          3/10           13/10          13/10          5/8            
[0,0,0,0,0,0,0,1,1,0,1,0,0,0]     29/15          29/15          3/10           13/10          13/10          5/8            
[0,0,0,0,0,0,1,0,0,0,0,0,1,0]     14/15          29/15          1/6            13/30          43/30          11/40          
[0,0,0,0,0,0,1,0,0,0,0,1,1,0]     29/15          29/15          3/10           13/10          13/10          5/8            
[0,0,0,0,0,0,1,0,0,0,1,0,0,0]     14/15          29/15          1/6            13/30          43/30          11/40          
[0,0,0,0,0,0,1,0,0,0,1,0,0,1]     29/15          29/15          3/10           13/10          13/10          5/8            
[0,0,0,0,0,0,1,0,0,0,1,0,2,0]     29/15          32/15          11/30          37/30          43/30          27/40          
[0,0,0,0,0,0,1,0,0,0,2,0,1,0]     29/15          32/15          11/30          37/30          43/30          27/40          
[0,0,0,0,0,0,1,0,0,1,0,0,1,0]     29/15          29/15          3/10           13/10          13/10          5/8            
[0,0,0,0,0,0,1,0,0,1,1,0,0,0]     29/15          29/15          3/10           13/10          13/10          5/8            
[0,0,0,0,0,0,1,0,1,0,0,0,0,0]     14/15          29/15          1/6            13/30          43/30          11/40          
[0,0,0,0,0,0,1,0,1,0,0,0,0,1]     29/15          29/15          3/10           13/10          13/10          5/8            
[0,0,0,0,0,0,1,0,1,0,0,0,2,0]     29/15          32/15          11/30          37/30          43/30          27/40          
[0,0,0,0,0,0,1,0,1,0,0,1,0,0]     29/15          29/15          3/10           13/10          13/10          5/8            
[0,0,0,0,0,0,1,0,1,0,1,0,1,0]     29/15          32/15          1/3            19/15          22/15          13/20          
[0,0,0,0,0,0,1,0,1,0,2,0,0,0]     29/15          32/15          11/30          37/30          43/30          27/40          
[0,0,0,0,0,0,1,0,2,0,0,0,1,0]     29/15          32/15          11/30          37/30          43/30          27/40          
[0,0,0,0,0,0,1,0,2,0,1,0,0,0]     29/15          32/15          11/30          37/30          43/30          27/40          
[0,0,0,0,0,0,2,0,0,0,0,0,2,0]     29/15          32/15          2/5            6/5            7/5            7/10           
[0,0,0,0,0,0,2,0,0,0,1,0,1,0]     29/15          32/15          11/30          37/30          43/30          27/40          
[0,0,0,0,0,0,2,0,0,0,2,0,0,0]     29/15          32/15          2/5            6/5            7/5            7/10           
[0,0,0,0,0,0,2,0,1,0,0,0,1,0]     29/15          32/15          11/30          37/30          43/30          27/40          
[0,0,0,0,0,0,2,0,1,0,1,0,0,0]     29/15          32/15          11/30          37/30          43/30          27/40          
[0,0,0,0,0,0,2,0,2,0,0,0,0,0]     29/15          32/15          2/5            6/5            7/5            7/10           
[0,0,0,0,0,1,0,0,0,0,0,0,0,0]     14/15          29/15          2/15           7/15           22/15          1/4            
[0,0,0,0,0,1,0,0,0,0,0,0,0,1]     29/15          29/15          4/15           4/3            4/3            3/5            
[0,0,0,0,0,1,0,0,0,0,0,1,0,0]     29/15          29/15          4/15           4/3            4/3            3/5            
[0,0,0,0,0,1,0,0,0,0,1,0,1,0]     29/15          29/15          3/10           13/10          13/10          5/8            
[0,0,0,0,0,1,0,0,0,1,0,0,0,0]     29/15          29/15          4/15           4/3            4/3            3/5            
[0,0,0,0,0,1,0,0,1,0,0,0,1,0]     29/15          29/15          3/10           13/10          13/10          5/8            
[0,0,0,0,0,1,0,0,1,0,1,0,0,0]     29/15          29/15          3/10           13/10          13/10          5/8            
[0,0,0,0,0,1,0,1,0,0,0,0,0,0]     29/15          29/15          4/15           4/3            4/3            3/5            
[0,0,0,0,0,1,1,0,0,0,0,0,1,0]     29/15          29/15          3/10           13/10          13/10          5/8            
[0,0,0,0,0,1,1,0,0,0,1,0,0,0]     29/15          29/15          3/10           13/10          13/10          5/8            
[0,0,0,0,0,1,1,0,1,0,0,0,0,0]     29/15          29/15          3/10           13/10          13/10          5/8            
[0,0,0,0,1,0,0,0,0,0,0,0,1,0]     14/15          29/15          1/6            13/30          43/30          11/40          
[0,0,0,0,1,0,0,0,0,0,0,1,1,0]     29/15          29/15          3/10           13/10          13/10          5/8            
[0,0,0,0,1,0,0,0,0,0,1,0,0,0]     14/15          29/15          1/6            13/30          43/30          11/40          
[0,0,0,0,1,0,0,0,0,0,1,0,0,1]     29/15          29/15          3/10           13/10          13/10          5/8            
[0,0,0,0,1,0,0,0,0,0,1,0,2,0]     29/15          32/15          11/30          37/30          43/30          27/40          
[0,0,0,0,1,0,0,0,0,0,2,0,1,0]     29/15          32/15          11/30          37/30          43/30          27/40          
[0,0,0,0,1,0,0,0,0,1,0,0,1,0]     29/15          29/15          3/10           13/10          13/10          5/8            
[0,0,0,0,1,0,0,0,0,1,1,0,0,0]     29/15          29/15          3/10           13/10          13/10          5/8            
[0,0,0,0,1,0,0,0,1,0,0,0,0,0]     14/15          29/15          1/6            13/30          43/30          11/40          
[0,0,0,0,1,0,0,0,1,0,0,0,0,1]     29/15          29/15          3/10           13/10          13/10          5/8            
[0,0,0,0,1,0,0,0,1,0,0,0,2,0]     29/15          32/15          11/30          37/30          43/30          27/40          
[0,0,0,0,1,0,0,0,1,0,0,1,0,0]     29/15          29/15          3/10           13/10          13/10          5/8            
[0,0,0,0,1,0,0,0,1,0,1,0,1,0]     29/15          32/15          1/3            19/15          22/15          13/20          
[0,0,0,0,1,0,0,0,1,0,2,0,0,0]     29/15          32/15          11/30          37/30          43/30          27/40          
[0,0,0,0,1,0,0,0,2,0,0,0,1,0]     29/15          32/15          11/30          37/30          43/30          27/40          
[0,0,0,0,1,0,0,0,2,0,1,0,0,0]     29/15          32/15          11/30          37/30          43/30          27/40          
[0,0,0,0,1,0,0,1,0,0,0,0,1,0]     29/15          29/15          3/10           13/10          13/10          5/8            
[0,0,0,0,1,0,0,1,0,0,1,0,0,0]     29/15          29/15          3/10           13/10          13/10          5/8            
[0,0,0,0,1,0,0,1,1,0,0,0,0,0]     29/15          29/15          3/10           13/10          13/10          5/8            
[0,0,0,0,1,0,1,0,0,0,0,0,0,0]     14/15          29/15          1/6            13/30          43/30          11/40          
[0,0,0,0,1,0,1,0,0,0,0,0,0,1]     29/15          29/15          3/10           13/10          13/10          5/8            
[0,0,0,0,1,0,1,0,0,0,0,0,2,0]     29/15          32/15          11/30          37/30          43/30          27/40          
[0,0,0,0,1,0,1,0,0,0,0,1,0,0]     29/15          29/15          3/10           13/10          13/10          5/8            
[0,0,0,0,1,0,1,0,0,0,1,0,1,0]     29/15          32/15          1/3            19/15          22/15          13/20          
[0,0,0,0,1,0,1,0,0,0,2,0,0,0]     29/15          32/15          11/30          37/30          43/30          27/40          
[0,0,0,0,1,0,1,0,0,1,0,0,0,0]     29/15          29/15          3/10           13/10          13/10          5/8            
[0,0,0,0,1,0,1,0,1,0,0,0,1,0]     29/15          32/15          1/3            19/15          22/15          13/20          
[0,0,0,0,1,0,1,0,1,0,1,0,0,0]     29/15          32/15          1/3            19/15          22/15          13/20          
[0,0,0,0,1,0,1,0,2,0,0,0,0,0]     29/15          32/15          11/30          37/30          43/30          27/40          
[0,0,0,0,1,0,2,0,0,0,0,0,1,0]     29/15          32/15          11/30          37/30          43/30          27/40          
[0,0,0,0,1,0,2,0,0,0,1,0,0,0]     29/15          32/15          11/30          37/30          43/30          27/40          
[0,0,0,0,1,0,2,0,1,0,0,0,0,0]     29/15          32/15          11/30          37/30          43/30          27/40          
[0,0,0,0,2,0,0,0,0,0,0,0,2,0]     29/15          32/15          2/5            6/5            7/5            7/10           
[0,0,0,0,2,0,0,0,0,0,1,0,1,0]     29/15          32/15          11/30          37/30          43/30          27/40          
[0,0,0,0,2,0,0,0,0,0,2,0,0,0]     29/15          32/15          2/5            6/5            7/5            7/10           
[0,0,0,0,2,0,0,0,1,0,0,0,1,0]     29/15          32/15          11/30          37/30          43/30          27/40          
[0,0,0,0,2,0,0,0,1,0,1,0,0,0]     29/15          32/15          11/30          37/30          43/30          27/40          
[0,0,0,0,2,0,0,0,2,0,0,0,0,0]     29/15          32/15          2/5            6/5            7/5            7/10           
[0,0,0,0,2,0,1,0,0,0,0,0,1,0]     29/15          32/15          11/30          37/30          43/30          27/40          
[0,0,0,0,2,0,1,0,0,0,1,0,0,0]     29/15          32/15          11/30          37/30          43/30          27/40          
[0,0,0,0,2,0,1,0,1,0,0,0,0,0]     29/15          32/15          11/30          37/30          43/30          27/40          
[0,0,0,0,2,0,2,0,0,0,0,0,0,0]     29/15          32/15          2/5            6/5            7/5            7/10           
[0,0,0,1,0,0,0,0,0,0,0,0,0,0]     14/15          29/15          2/15           7/15           22/15          1/4            
[0,0,0,1,0,0,0,0,0,0,0,0,0,1]     29/15          29/15          4/15           4/3            4/3            3/5            
[0,0,0,1,0,0,0,0,0,0,0,1,0,0]     29/15          29/15          4/15           4/3            4/3            3/5            
[0,0,0,1,0,0,0,0,0,0,1,0,1,0]     29/15          29/15          3/10           13/10          13/10          5/8            
[0,0,0,1,0,0,0,0,0,1,0,0,0,0]     29/15          29/15          4/15           4/3            4/3            3/5            
[0,0,0,1,0,0,0,0,1,0,0,0,1,0]     29/15          29/15          3/10           13/10          13/10          5/8            
[0,0,0,1,0,0,0,0,1,0,1,0,0,0]     29/15          29/15          3/10           13/10          13/10          5/8            
[0,0,0,1,0,0,0,1,0,0,0,0,0,0]     29/15          29/15          4/15           4/3            4/3            3/5            
[0,0,0,1,0,0,1,0,0,0,0,0,1,0]     29/15          29/15          3/10           13/10          13/10          5/8            
[0,0,0,1,0,0,1,0,0,0,1,0,0,0]     29/15          29/15          3/10           13/10          13/10          5/8            
[0,0,0,1,0,0,1,0,1,0,0,0,0,0]     29/15          29/15          3/10           13/10          13/10          5/8            
[0,0,0,1,0,1,0,0,0,0,0,0,0,0]     29/15          29/15          4/15           4/3            4/3            3/5            
[0,0,0,1,1,0,0,0,0,0,0,0,1,0]     29/15          29/15          3/10           13/10          13/10          5/8            
[0,0,0,1,1,0,0,0,0,0,1,0,0,0]     29/15          29/15          3/10           13/10          13/10          5/8            
[0,0,0,1,1,0,0,0,1,0,0,0,0,0]     29/15          29/15          3/10           13/10          13/10          5/8            
[0,0,0,1,1,0,1,0,0,0,0,0,0,0]     29/15          29/15          3/10           13/10          13/10          5/8            
[0,0,1,0,0,0,0,0,0,0,0,0,1,0]     14/15          29/15          1/6            13/30          43/30          11/40          
[0,0,1,0,0,0,0,0,0,0,0,1,1,0]     29/15          29/15          3/10           13/10          13/10          5/8            
[0,0,1,0,0,0,0,0,0,0,1,0,0,0]     14/15          29/15          1/6            13/30          43/30          11/40          
[0,0,1,0,0,0,0,0,0,0,1,0,0,1]     29/15          29/15          3/10           13/10          13/10          5/8            
[0,0,1,0,0,0,0,0,0,0,1,0,2,0]     29/15          32/15          11/30          37/30          43/30          27/40          
[0,0,1,0,0,0,0,0,0,0,2,0,1,0]     29/15          32/15          11/30          37/30          43/30          27/40          
[0,0,1,0,0,0,0,0,0,1,0,0,1,0]     29/15          29/15          3/10           13/10          13/10          5/8            
[0,0,1,0,0,0,0,0,0,1,1,0,0,0]     29/15          29/15          3/10           13/10          13/10          5/8            
[0,0,1,0,0,0,0,0,1,0,0,0,0,0]     14/15          29/15          1/6            13/30          43/30          11/40          
[0,0,1,0,0,0,0,0,1,0,0,0,0,1]     29/15          29/15          3/10           13/10          13/10          5/8            
[0,0,1,0,0,0,0,0,1,0,0,0,2,0]     29/15          32/15          11/30          37/30          43/30          27/40          
[0,0,1,0,0,0,0,0,1,0,0,1,0,0]     29/15          29/15          3/10           13/10          13/10          5/8            
[0,0,1,0,0,0,0,0,1,0,1,0,1,0]     29/15          32/15          1/3            19/15          22/15          13/20          
[0,0,1,0,0,0,0,0,1,0,2,0,0,0]     29/15          32/15          11/30          37/30          43/30          27/40          
[0,0,1,0,0,0,0,0,2,0,0,0,1,0]     29/15          32/15          11/30          37/30          43/30          27/40          
[0,0,1,0,0,0,0,0,2,0,1,0,0,0]     29/15          32/15          11/30          37/30          43/30          27/40          
[0,0,1,0,0,0,0,1,0,0,0,0,1,0]     29/15          29/15          3/10           13/10          13/10          5/8            
[0,0,1,0,0,0,0,1,0,0,1,0,0,0]     29/15          29/15          3/10           13/10          13/10          5/8            
[0,0,1,0,0,0,0,1,1,0,0,0,0,0]     29/15          29/15          3/10           13/10          13/10          5/8            
[0,0,1,0,0,0,1,0,0,0,0,0,0,0]     14/15          29/15          1/6            13/30          43/30          11/40          
[0,0,1,0,0,0,1,0,0,0,0,0,0,1]     29/15          29/15          3/10           13/10          13/10          5/8            
[0,0,1,0,0,0,1,0,0,0,0,0,2,0]     29/15          32/15          11/30          37/30          43/30          27/40          
[0,0,1,0,0,0,1,0,0,0,0,1,0,0]     29/15          29/15          3/10           13/10          13/10          5/8            
[0,0,1,0,0,0,1,0,0,0,1,0,1,0]     29/15          32/15          1/3            19/15          22/15          13/20          
[0,0,1,0,0,0,1,0,0,0,2,0,0,0]     29/15          32/15          11/30          37/30          43/30          27/40          
[0,0,1,0,0,0,1,0,0,1,0,0,0,0]     29/15          29/15          3/10           13/10          13/10          5/8            
[0,0,1,0,0,0,1,0,1,0,0,0,1,0]     29/15          32/15          1/3            19/15          22/15          13/20          
[0,0,1,0,0,0,1,0,1,0,1,0,0,0]     29/15          32/15          1/3            19/15          22/15          13/20          
[0,0,1,0,0,0,1,0,2,0,0,0,0,0]     29/15          32/15          11/30          37/30          43/30          27/40          
[0,0,1,0,0,0,2,0,0,0,0,0,1,0]     29/15          32/15          11/30          37/30          43/30          27/40          
[0,0,1,0,0,0,2,0,0,0,1,0,0,0]     29/15          32/15          11/30          37/30          43/30          27/40          
[0,0,1,0,0,0,2,0,1,0,0,0,0,0]     29/15          32/15          11/30          37/30          43/30          27/40          
[0,0,1,0,0,1,0,0,0,0,0,0,1,0]     29/15          29/15          3/10           13/10          13/10          5/8            
[0,0,1,0,0,1,0,0,0,0,1,0,0,0]     29/15          29/15          3/10           13/10          13/10          5/8            
[0,0,1,0,0,1,0,0,1,0,0,0,0,0]     29/15          29/15          3/10           13/10          13/10          5/8            
[0,0,1,0,0,1,1,0,0,0,0,0,0,0]     29/15          29/15          3/10           13/10          13/10          5/8            
[0,0,1,0,1,0,0,0,0,0,0,0,0,0]     14/15          29/15          1/6            13/30          43/30          11/40          
[0,0,1,0,1,0,0,0,0,0,0,0,0,1]     29/15          29/15          3/10           13/10          13/10          5/8            
[0,0,1,0,1,0,0,0,0,0,0,0,2,0]     29/15          32/15          11/30          37/30          43/30          27/40          
[0,0,1,0,1,0,0,0,0,0,0,1,0,0]     29/15          29/15          3/10           13/10          13/10          5/8            
[0,0,1,0,1,0,0,0,0,0,1,0,1,0]     29/15          32/15          1/3            19/15          22/15          13/20          
[0,0,1,0,1,0,0,0,0,0,2,0,0,0]     29/15          32/15          11/30          37/30          43/30          27/40          
[0,0,1,0,1,0,0,0,0,1,0,0,0,0]     29/15          29/15          3/10           13/10          13/10          5/8            
[0,0,1,0,1,0,0,0,1,0,0,0,1,0]     29/15          32/15          1/3            19/15          22/15          13/20          
[0,0,1,0,1,0,0,0,1,0,1,0,0,0]     29/15          32/15          1/3            19/15          22/15          13/20          
[0,0,1,0,1,0,0,0,2,0,0,0,0,0]     29/15          32/15          11/30          37/30          43/30          27/40          
[0,0,1,0,1,0,0,1,0,0,0,0,0,0]     29/15          29/15          3/10           13/10          13/10          5/8            
[0,0,1,0,1,0,1,0,0,0,0,0,1,0]     29/15          32/15          1/3            19/15          22/15          13/20          
[0,0,1,0,1,0,1,0,0,0,1,0,0,0]     29/15          32/15          1/3            19/15          22/15          13/20          
[0,0,1,0,1,0,1,0,1,0,0,0,0,0]     29/15          32/15          1/3            19/15          22/15          13/20          
[0,0,1,0,1,0,2,0,0,0,0,0,0,0]     29/15          32/15          11/30          37/30          43/30          27/40          
[0,0,1,0,2,0,0,0,0,0,0,0,1,0]     29/15          32/15          11/30          37/30          43/30          27/40          
[0,0,1,0,2,0,0,0,0,0,1,0,0,0]     29/15          32/15          11/30          37/30          43/30          27/40          
[0,0,1,0,2,0,0,0,1,0,0,0,0,0]     29/15          32/15          11/30          37/30          43/30          27/40          
[0,0,1,0,2,0,1,0,0,0,0,0,0,0]     29/15          32/15          11/30          37/30          43/30          27/40          
[0,0,2,0,0,0,0,0,0,0,0,0,2,0]     29/15          32/15          2/5            6/5            7/5            7/10           
[0,0,2,0,0,0,0,0,0,0,1,0,1,0]     29/15          32/15          11/30          37/30          43/30          27/40          
[0,0,2,0,0,0,0,0,0,0,2,0,0,0]     29/15          32/15          2/5            6/5            7/5            7/10           
[0,0,2,0,0,0,0,0,1,0,0,0,1,0]     29/15          32/15          11/30          37/30          43/30          27/40          
[0,0,2,0,0,0,0,0,1,0,1,0,0,0]     29/15          32/15          11/30          37/30          43/30          27/40          
[0,0,2,0,0,0,0,0,2,0,0,0,0,0]     29/15          32/15          2/5            6/5            7/5            7/10           
[0,0,2,0,0,0,1,0,0,0,0,0,1,0]     29/15          32/15          11/30          37/30          43/30          27/40          
[0,0,2,0,0,0,1,0,0,0,1,0,0,0]     29/15          32/15          11/30          37/30          43/30          27/40          
[0,0,2,0,0,0,1,0,1,0,0,0,0,0]     29/15          32/15          11/30          37/30          43/30          27/40          
[0,0,2,0,0,0,2,0,0,0,0,0,0,0]     29/15          32/15          2/5            6/5            7/5            7/10           
[0,0,2,0,1,0,0,0,0,0,0,0,1,0]     29/15          32/15          11/30          37/30          43/30          27/40          
[0,0,2,0,1,0,0,0,0,0,1,0,0,0]     29/15          32/15          11/30          37/30          43/30          27/40          
[0,0,2,0,1,0,0,0,1,0,0,0,0,0]     29/15          32/15          11/30          37/30          43/30          27/40          
[0,0,2,0,1,0,1,0,0,0,0,0,0,0]     29/15          32/15          11/30          37/30          43/30          27/40          
[0,0,2,0,2,0,0,0,0,0,0,0,0,0]     29/15          32/15          2/5            6/5            7/5            7/10           
[0,1,0,0,0,0,0,0,0,0,0,0,0,0]     14/15          29/15          2/15           7/15           22/15          1/4            
[0,1,0,0,0,0,0,0,0,0,0,0,0,1]     29/15          29/15          4/15           4/3            4/3            3/5            
[0,1,0,0,0,0,0,0,0,0,0,1,0,0]     29/15          29/15          4/15           4/3            4/3            3/5            
[0,1,0,0,0,0,0,0,0,0,1,0,1,0]     29/15          29/15          3/10           13/10          13/10          5/8            
[0,1,0,0,0,0,0,0,0,1,0,0,0,0]     29/15          29/15          4/15           4/3            4/3            3/5            
[0,1,0,0,0,0,0,0,1,0,0,0,1,0]     29/15          29/15          3/10           13/10          13/10          5/8            
[0,1,0,0,0,0,0,0,1,0,1,0,0,0]     29/15          29/15          3/10           13/10          13/10          5/8            
[0,1,0,0,0,0,0,1,0,0,0,0,0,0]     29/15          29/15          4/15           4/3            4/3            3/5            
[0,1,0,0,0,0,1,0,0,0,0,0,1,0]     29/15          29/15          3/10           13/10          13/10          5/8            
[0,1,0,0,0,0,1,0,0,0,1,0,0,0]     29/15          29/15          3/10           13/10          13/10          5/8            
[0,1,0,0,0,0,1,0,1,0,0,0,0,0]     29/15          29/15          3/10           13/10          13/10          5/8            
[0,1,0,0,0,1,0,0,0,0,0,0,0,0]     29/15          29/15          4/15           4/3            4/3            3/5            
[0,1,0,0,1,0,0,0,0,0,0,0,1,0]     29/15          29/15          3/10           13/10          13/10          5/8            
[0,1,0,0,1,0,0,0,0,0,1,0,0,0]     29/15          29/15          3/10           13/10          13/10          5/8            
[0,1,0,0,1,0,0,0,1,0,0,0,0,0]     29/15          29/15          3/10           13/10          13/10          5/8            
[0,1,0,0,1,0,1,0,0,0,0,0,0,0]     29/15          29/15          3/10           13/10          13/10          5/8            
[0,1,0,1,0,0,0,0,0,0,0,0,0,0]     29/15          29/15          4/15           4/3            4/3            3/5            
[0,1,1,0,0,0,0,0,0,0,0,0,1,0]     29/15          29/15          3/10           13/10          13/10          5/8            
[0,1,1,0,0,0,0,0,0,0,1,0,0,0]     29/15          29/15          3/10           13/10          13/10          5/8            
[0,1,1,0,0,0,0,0,1,0,0,0,0,0]     29/15          29/15          3/10           13/10          13/10          5/8            
[0,1,1,0,0,0,1,0,0,0,0,0,0,0]     29/15          29/15          3/10           13/10          13/10          5/8            
[0,1,1,0,1,0,0,0,0,0,0,0,0,0]     29/15          29/15          3/10           13/10          13/10          5/8            
[1,0,0,0,0,0,0,0,0,0,0,0,1,0]     14/15          29/15          1/6            13/30          43/30          11/40          
[1,0,0,0,0,0,0,0,0,0,0,1,1,0]     29/15          29/15          3/10           13/10          13/10          5/8            
[1,0,0,0,0,0,0,0,0,0,1,0,0,0]     14/15          29/15          1/6            13/30          43/30          11/40          
[1,0,0,0,0,0,0,0,0,0,1,0,0,1]     29/15          29/15          3/10           13/10          13/10          5/8            
[1,0,0,0,0,0,0,0,0,0,1,0,2,0]     29/15          32/15          11/30          37/30          43/30          27/40          
[1,0,0,0,0,0,0,0,0,0,2,0,1,0]     29/15          32/15          11/30          37/30          43/30          27/40          
[1,0,0,0,0,0,0,0,0,1,0,0,1,0]     29/15          29/15          3/10           13/10          13/10          5/8            
[1,0,0,0,0,0,0,0,0,1,1,0,0,0]     29/15          29/15          3/10           13/10          13/10          5/8            
[1,0,0,0,0,0,0,0,1,0,0,0,0,0]     14/15          29/15          1/6            13/30          43/30          11/40          
[1,0,0,0,0,0,0,0,1,0,0,0,0,1]     29/15          29/15          3/10           13/10          13/10          5/8            
[1,0,0,0,0,0,0,0,1,0,0,0,2,0]     29/15          32/15          11/30          37/30          43/30          27/40          
[1,0,0,0,0,0,0,0,1,0,0,1,0,0]     29/15          29/15          3/10           13/10          13/10          5/8            
[1,0,0,0,0,0,0,0,1,0,1,0,1,0]     29/15          32/15          1/3            19/15          22/15          13/20          
[1,0,0,0,0,0,0,0,1,0,2,0,0,0]     29/15          32/15          11/30          37/30          43/30          27/40          
[1,0,0,0,0,0,0,0,2,0,0,0,1,0]     29/15          32/15          11/30          37/30          43/30          27/40          
[1,0,0,0,0,0,0,0,2,0,1,0,0,0]     29/15          32/15          11/30          37/30          43/30          27/40          
[1,0,0,0,0,0,0,1,0,0,0,0,1,0]     29/15          29/15          3/10           13/10          13/10          5/8            
[1,0,0,0,0,0,0,1,0,0,1,0,0,0]     29/15          29/15          3/10           13/10          13/10          5/8            
[1,0,0,0,0,0,0,1,1,0,0,0,0,0]     29/15          29/15          3/10           13/10          13/10          5/8            
[1,0,0,0,0,0,1,0,0,0,0,0,0,0]     14/15          29/15          1/6            13/30          43/30          11/40          
[1,0,0,0,0,0,1,0,0,0,0,0,0,1]     29/15          29/15          3/10           13/10          13/10          5/8            
[1,0,0,0,0,0,1,0,0,0,0,0,2,0]     29/15          32/15          11/30          37/30          43/30          27/40          
[1,0,0,0,0,0,1,0,0,0,0,1,0,0]     29/15          29/15          3/10           13/10          13/10          5/8            
[1,0,0,0,0,0,1,0,0,0,1,0,1,0]     29/15          32/15          1/3            19/15          22/15          13/20          
[1,0,0,0,0,0,1,0,0,0,2,0,0,0]     29/15          32/15          11/30          37/30          43/30          27/40          
[1,0,0,0,0,0,1,0,0,1,0,0,0,0]     29/15          29/15          3/10           13/10          13/10          5/8            
[1,0,0,0,0,0,1,0,1,0,0,0,1,0]     29/15          32/15          1/3            19/15          22/15          13/20          
[1,0,0,0,0,0,1,0,1,0,1,0,0,0]     29/15          32/15          1/3            19/15          22/15          13/20          
[1,0,0,0,0,0,1,0,2,0,0,0,0,0]     29/15          32/15          11/30          37/30          43/30          27/40          
[1,0,0,0,0,0,2,0,0,0,0,0,1,0]     29/15          32/15          11/30          37/30          43/30          27/40          
[1,0,0,0,0,0,2,0,0,0,1,0,0,0]     29/15          32/15          11/30          37/30          43/30          27/40          
[1,0,0,0,0,0,2,0,1,0,0,0,0,0]     29/15          32/15          11/30          37/30          43/30          27/40          
[1,0,0,0,0,1,0,0,0,0,0,0,1,0]     29/15          29/15          3/10           13/10          13/10          5/8            
[1,0,0,0,0,1,0,0,0,0,1,0,0,0]     29/15          29/15          3/10           13/10          13/10          5/8            
[1,0,0,0,0,1,0,0,1,0,0,0,0,0]     29/15          29/15          3/10           13/10          13/10          5/8            
[1,0,0,0,0,1,1,0,0,0,0,0,0,0]     29/15          29/15          3/10           13/10          13/10          5/8            
[1,0,0,0,1,0,0,0,0,0,0,0,0,0]     14/15          29/15          1/6            13/30          43/30          11/40          
[1,0,0,0,1,0,0,0,0,0,0,0,0,1]     29/15          29/15          3/10           13/10          13/10          5/8            
[1,0,0,0,1,0,0,0,0,0,0,0,2,0]     29/15          32/15          11/30          37/30          43/30          27/40          
[1,0,0,0,1,0,0,0,0,0,0,1,0,0]     29/15          29/15          3/10           13/10          13/10          5/8            
[1,0,0,0,1,0,0,0,0,0,1,0,1,0]     29/15          32/15          1/3            19/15          22/15          13/20          
[1,0,0,0,1,0,0,0,0,0,2,0,0,0]     29/15          32/15          11/30          37/30          43/30          27/40          
[1,0,0,0,1,0,0,0,0,1,0,0,0,0]     29/15          29/15          3/10           13/10          13/10          5/8            
[1,0,0,0,1,0,0,0,1,0,0,0,1,0]     29/15          32/15          1/3            19/15          22/15          13/20          
[1,0,0,0,1,0,0,0,1,0,1,0,0,0]     29/15          32/15          1/3            19/15          22/15          13/20          
[1,0,0,0,1,0,0,0,2,0,0,0,0,0]     29/15          32/15          11/30          37/30          43/30          27/40          
[1,0,0,0,1,0,0,1,0,0,0,0,0,0]     29/15          29/15          3/10           13/10          13/10          5/8            
[1,0,0,0,1,0,1,0,0,0,0,0,1,0]     29/15          32/15          1/3            19/15          22/15          13/20          
[1,0,0,0,1,0,1,0,0,0,1,0,0,0]     29/15          32/15          1/3            19/15          22/15          13/20          
[1,0,0,0,1,0,1,0,1,0,0,0,0,0]     29/15          32/15          1/3            19/15          22/15          13/20          
[1,0,0,0,1,0,2,0,0,0,0,0,0,0]     29/15          32/15          11/30          37/30          43/30          27/40          
[1,0,0,0,2,0,0,0,0,0,0,0,1,0]     29/15          32/15          11/30          37/30          43/30          27/40          
[1,0,0,0,2,0,0,0,0,0,1,0,0,0]     29/15          32/15          11/30          37/30          43/30          27/40          
[1,0,0,0,2,0,0,0,1,0,0,0,0,0]     29/15          32/15          11/30          37/30          43/30          27/40          
[1,0,0,0,2,0,1,0,0,0,0,0,0,0]     29/15          32/15          11/30          37/30          43/30          27/40          
[1,0,0,1,0,0,0,0,0,0,0,0,1,0]     29/15          29/15          3/10           13/10          13/10          5/8            
[1,0,0,1,0,0,0,0,0,0,1,0,0,0]     29/15          29/15          3/10           13/10          13/10          5/8            
[1,0,0,1,0,0,0,0,1,0,0,0,0,0]     29/15          29/15          3/10           13/10          13/10          5/8            
[1,0,0,1,0,0,1,0,0,0,0,0,0,0]     29/15          29/15          3/10           13/10          13/10          5/8            
[1,0,0,1,1,0,0,0,0,0,0,0,0,0]     29/15          29/15          3/10           13/10          13/10          5/8            
[1,0,1,0,0,0,0,0,0,0,0,0,0,0]     14/15          29/15          1/6            13/30          43/30          11/40          
[1,0,1,0,0,0,0,0,0,0,0,0,0,1]     29/15          29/15          3/10           13/10          13/10          5/8            
[1,0,1,0,0,0,0,0,0,0,0,0,2,0]     29/15          32/15          11/30          37/30          43/30          27/40          
[1,0,1,0,0,0,0,0,0,0,0,1,0,0]     29/15          29/15          3/10           13/10          13/10          5/8            
[1,0,1,0,0,0,0,0,0,0,1,0,1,0]     29/15          32/15          1/3            19/15          22/15          13/20          
[1,0,1,0,0,0,0,0,0,0,2,0,0,0]     29/15          32/15          11/30          37/30          43/30          27/40          
[1,0,1,0,0,0,0,0,0,1,0,0,0,0]     29/15          29/15          3/10           13/10          13/10          5/8            
[1,0,1,0,0,0,0,0,1,0,0,0,1,0]     29/15          32/15          1/3            19/15          22/15          13/20          
[1,0,1,0,0,0,0,0,1,0,1,0,0,0]     29/15          32/15          1/3            19/15          22/15          13/20          
[1,0,1,0,0,0,0,0,2,0,0,0,0,0]     29/15          32/15          11/30          37/30          43/30          27/40          
[1,0,1,0,0,0,0,1,0,0,0,0,0,0]     29/15          29/15          3/10           13/10          13/10          5/8            
[1,0,1,0,0,0,1,0,0,0,0,0,1,0]     29/15          32/15          1/3            19/15          22/15          13/20          
[1,0,1,0,0,0,1,0,0,0,1,0,0,0]     29/15          32/15          1/3            19/15          22/15          13/20          
[1,0,1,0,0,0,1,0,1,0,0,0,0,0]     29/15          32/15          1/3            19/15          22/15          13/20          
[1,0,1,0,0,0,2,0,0,0,0,0,0,0]     29/15          32/15          11/30          37/30          43/30          27/40          
[1,0,1,0,0,1,0,0,0,0,0,0,0,0]     29/15          29/15          3/10           13/10          13/10          5/8            
[1,0,1,0,1,0,0,0,0,0,0,0,1,0]     29/15          32/15          1/3            19/15          22/15          13/20          
[1,0,1,0,1,0,0,0,0,0,1,0,0,0]     29/15          32/15          1/3            19/15          22/15          13/20          
[1,0,1,0,1,0,0,0,1,0,0,0,0,0]     29/15          32/15          1/3            19/15          22/15          13/20          
[1,0,1,0,1,0,1,0,0,0,0,0,0,0]     29/15          32/15          1/3            19/15          22/15          13/20          
[1,0,1,0,2,0,0,0,0,0,0,0,0,0]     29/15          32/15          11/30          37/30          43/30          27/40          
[1,0,2,0,0,0,0,0,0,0,0,0,1,0]     29/15          32/15          11/30          37/30          43/30          27/40          
[1,0,2,0,0,0,0,0,0,0,1,0,0,0]     29/15          32/15          11/30          37/30          43/30          27/40          
[1,0,2,0,0,0,0,0,1,0,0,0,0,0]     29/15          32/15          11/30          37/30          43/30          27/40          
[1,0,2,0,0,0,1,0,0,0,0,0,0,0]     29/15          32/15          11/30          37/30          43/30          27/40          
[1,0,2,0,1,0,0,0,0,0,0,0,0,0]     29/15          32/15          11/30          37/30          43/30          27/40          
[2,0,0,0,0,0,0,0,0,0,0,0,2,0]     29/15          32/15          2/5            6/5            7/5            7/10           
[2,0,0,0,0,0,0,0,0,0,1,0,1,0]     29/15          32/15          11/30          37/30          43/30          27/40          
[2,0,0,0,0,0,0,0,0,0,2,0,0,0]     29/15          32/15          2/5            6/5            7/5            7/10           
[2,0,0,0,0,0,0,0,1,0,0,0,1,0]     29/15          32/15          11/30          37/30          43/30          27/40          
[2,0,0,0,0,0,0,0,1,0,1,0,0,0]     29/15          32/15          11/30          37/30          43/30          27/40          
[2,0,0,0,0,0,0,0,2,0,0,0,0,0]     29/15          32/15          2/5            6/5            7/5            7/10           
[2,0,0,0,0,0,1,0,0,0,0,0,1,0]     29/15          32/15          11/30          37/30          43/30          27/40          
[2,0,0,0,0,0,1,0,0,0,1,0,0,0]     29/15          32/15          11/30          37/30          43/30          27/40          
[2,0,0,0,0,0,1,0,1,0,0,0,0,0]     29/15          32/15          11/30          37/30          43/30          27/40          
[2,0,0,0,0,0,2,0,0,0,0,0,0,0]     29/15          32/15          2/5            6/5            7/5            7/10           
[2,0,0,0,1,0,0,0,0,0,0,0,1,0]     29/15          32/15          11/30          37/30          43/30          27/40          
[2,0,0,0,1,0,0,0,0,0,1,0,0,0]     29/15          32/15          11/30          37/30          43/30          27/40          
[2,0,0,0,1,0,0,0,1,0,0,0,0,0]     29/15          32/15          11/30          37/30          43/30          27/40          
[2,0,0,0,1,0,1,0,0,0,0,0,0,0]     29/15          32/15          11/30          37/30          43/30          27/40          
[2,0,0,0,2,0,0,0,0,0,0,0,0,0]     29/15          32/15          2/5            6/5            7/5            7/10           
[2,0,1,0,0,0,0,0,0,0,0,0,1,0]     29/15          32/15          11/30          37/30          43/30          27/40          
[2,0,1,0,0,0,0,0,0,0,1,0,0,0]     29/15          32/15          11/30          37/30          43/30          27/40          
[2,0,1,0,0,0,0,0,1,0,0,0,0,0]     29/15          32/15          11/30          37/30          43/30          27/40          
[2,0,1,0,0,0,1,0,0,0,0,0,0,0]     29/15          32/15          11/30          37/30          43/30          27/40          
[2,0,1,0,1,0,0,0,0,0,0,0,0,0]     29/15          32/15          11/30          37/30          43/30          27/40          
[2,0,2,0,0,0,0,0,0,0,0,0,0,0]     29/15          32/15          2/5            6/5            7/5            7/10           
q(R)>E is potentially violated on: [[0,0,0,0,0,0,0,0,0,0,0,0,0,0], [0,0,0,0,0,0,0,0,0,0,0,0,0,1], [0,0,0,0,0,0,0,0,0,0,0,1,0,0], [0,0,0,0,0,0,0,0,0,0,1,0,1,0], [0,0,0,0,0,0,0,0,0,1,0,0,0,0], [0,0,0,0,0,0,0,0,1,0,0,0,1,0], [0,0,0,0,0,0,0,0,1,0,1,0,0,0], [0,0,0,0,0,0,0,1,0,0,0,0,0,0], [0,0,0,0,0,0,1,0,0,0,0,0,1,0], [0,0,0,0,0,0,1,0,0,0,1,0,0,0], [0,0,0,0,0,0,1,0,1,0,0,0,0,0], [0,0,0,0,0,1,0,0,0,0,0,0,0,0], [0,0,0,0,1,0,0,0,0,0,0,0,1,0], [0,0,0,0,1,0,0,0,0,0,1,0,0,0], [0,0,0,0,1,0,0,0,1,0,0,0,0,0], [0,0,0,0,1,0,1,0,0,0,0,0,0,0], [0,0,0,1,0,0,0,0,0,0,0,0,0,0], [0,0,1,0,0,0,0,0,0,0,0,0,1,0], [0,0,1,0,0,0,0,0,0,0,1,0,0,0], [0,0,1,0,0,0,0,0,1,0,0,0,0,0], [0,0,1,0,0,0,1,0,0,0,0,0,0,0], [0,0,1,0,1,0,0,0,0,0,0,0,0,0], [0,1,0,0,0,0,0,0,0,0,0,0,0,0], [1,0,0,0,0,0,0,0,0,0,0,0,1,0], [1,0,0,0,0,0,0,0,0,0,1,0,0,0], [1,0,0,0,0,0,0,0,1,0,0,0,0,0], [1,0,0,0,0,0,1,0,0,0,0,0,0,0], [1,0,0,0,1,0,0,0,0,0,0,0,0,0], [1,0,1,0,0,0,0,0,0,0,0,0,0,0]]
Crude estimate: LL > 2E if CasG > 1/5*sqrt(34) + 5/4, approx. 2.4162
Scanning for 0 <= CasG <= C.
Fourier mode                      CasG           KT?            LL >=          LL >= 2E?      
0                                 0                             -1/5                          
1e_2                              14/15                         5/12                          
2e_1                              1                             17/30                         
1e_4                              26/15                         73/60          >              
1e_1+1e_3                         28/15                         79/60          >              
2e_2                              29/15                         27/20          >              
2e_1+1e_2                         2                             91/60          >              
1e_6                              12/5                          107/60         >              

Done!