====== Sym2LowerBounds (2023/01/26, 14:30) for G=C15, H=C3C3C3C3C3======

LiE isotropy representation:      1X[0,0,0,0,0,0,0,0,0,1,0,0,1,0,0] +
     1X[0,0,0,0,0,0,1,0,0,0,0,0,1,0,0] +
     1X[0,0,0,0,0,0,1,0,0,1,0,0,0,0,0] +
     1X[0,0,0,1,0,0,0,0,0,0,0,0,1,0,0] +
     1X[0,0,0,1,0,0,0,0,0,1,0,0,0,0,0] +
     1X[0,0,0,1,0,0,1,0,0,0,0,0,0,0,0] +
     1X[1,0,0,0,0,0,0,0,0,0,0,0,1,0,0] +
     1X[1,0,0,0,0,0,0,0,0,1,0,0,0,0,0] +
     1X[1,0,0,0,0,0,1,0,0,0,0,0,0,0,0] +
     1X[1,0,0,1,0,0,0,0,0,0,0,0,0,0,0]
Einstein constant: E=23/64
Isotype in Sym^2_0                  CasGMin        CasGMax        CasH           A*AMin         A*AMax         q(R)Min        
[0,0,0,0,0,0,0,0,0,0,0,0,0,0,0]     15/16          31/16          0              1/2            3/2            1/8            
[0,0,0,0,0,0,0,0,0,0,0,0,0,1,0]     15/16          31/16          3/16           5/16           21/16          17/64          
[0,0,0,0,0,0,0,0,0,0,1,0,0,0,0]     15/16          31/16          3/16           5/16           21/16          17/64          
[0,0,0,0,0,0,0,0,0,0,1,0,0,1,0]     31/16          31/16          3/8            9/8            9/8            21/32          
[0,0,0,0,0,0,0,0,0,1,0,0,1,0,0]     15/16          31/16          7/32           9/32           41/32          37/128         
[0,0,0,0,0,0,0,0,0,2,0,0,2,0,0]     31/16          17/8           1/2            1              19/16          3/4            
[0,0,0,0,0,0,0,1,0,0,0,0,0,0,0]     15/16          31/16          3/16           5/16           21/16          17/64          
[0,0,0,0,0,0,0,1,0,0,0,0,0,1,0]     31/16          31/16          3/8            9/8            9/8            21/32          
[0,0,0,0,0,0,0,1,0,0,1,0,0,0,0]     31/16          31/16          3/8            9/8            9/8            21/32          
[0,0,0,0,0,0,0,1,0,1,0,0,1,0,0]     31/16          31/16          13/32          35/32          35/32          87/128         
[0,0,0,0,0,0,1,0,0,0,0,0,1,0,0]     15/16          31/16          7/32           9/32           41/32          37/128         
[0,0,0,0,0,0,1,0,0,0,1,0,1,0,0]     31/16          31/16          13/32          35/32          35/32          87/128         
[0,0,0,0,0,0,1,0,0,1,0,0,0,0,0]     15/16          31/16          7/32           9/32           41/32          37/128         
[0,0,0,0,0,0,1,0,0,1,0,0,0,1,0]     31/16          31/16          13/32          35/32          35/32          87/128         
[0,0,0,0,0,0,1,0,0,1,0,0,2,0,0]     31/16          17/8           15/32          33/32          39/32          93/128         
[0,0,0,0,0,0,1,0,0,2,0,0,1,0,0]     31/16          17/8           15/32          33/32          39/32          93/128         
[0,0,0,0,0,0,2,0,0,0,0,0,2,0,0]     31/16          17/8           1/2            1              19/16          3/4            
[0,0,0,0,0,0,2,0,0,1,0,0,1,0,0]     31/16          17/8           15/32          33/32          39/32          93/128         
[0,0,0,0,0,0,2,0,0,2,0,0,0,0,0]     31/16          17/8           1/2            1              19/16          3/4            
[0,0,0,0,1,0,0,0,0,0,0,0,0,0,0]     15/16          31/16          3/16           5/16           21/16          17/64          
[0,0,0,0,1,0,0,0,0,0,0,0,0,1,0]     31/16          31/16          3/8            9/8            9/8            21/32          
[0,0,0,0,1,0,0,0,0,0,1,0,0,0,0]     31/16          31/16          3/8            9/8            9/8            21/32          
[0,0,0,0,1,0,0,0,0,1,0,0,1,0,0]     31/16          31/16          13/32          35/32          35/32          87/128         
[0,0,0,0,1,0,0,1,0,0,0,0,0,0,0]     31/16          31/16          3/8            9/8            9/8            21/32          
[0,0,0,0,1,0,1,0,0,0,0,0,1,0,0]     31/16          31/16          13/32          35/32          35/32          87/128         
[0,0,0,0,1,0,1,0,0,1,0,0,0,0,0]     31/16          31/16          13/32          35/32          35/32          87/128         
[0,0,0,1,0,0,0,0,0,0,0,0,1,0,0]     15/16          31/16          7/32           9/32           41/32          37/128         
[0,0,0,1,0,0,0,0,0,0,1,0,1,0,0]     31/16          31/16          13/32          35/32          35/32          87/128         
[0,0,0,1,0,0,0,0,0,1,0,0,0,0,0]     15/16          31/16          7/32           9/32           41/32          37/128         
[0,0,0,1,0,0,0,0,0,1,0,0,0,1,0]     31/16          31/16          13/32          35/32          35/32          87/128         
[0,0,0,1,0,0,0,0,0,1,0,0,2,0,0]     31/16          17/8           15/32          33/32          39/32          93/128         
[0,0,0,1,0,0,0,0,0,2,0,0,1,0,0]     31/16          17/8           15/32          33/32          39/32          93/128         
[0,0,0,1,0,0,0,1,0,0,0,0,1,0,0]     31/16          31/16          13/32          35/32          35/32          87/128         
[0,0,0,1,0,0,0,1,0,1,0,0,0,0,0]     31/16          31/16          13/32          35/32          35/32          87/128         
[0,0,0,1,0,0,1,0,0,0,0,0,0,0,0]     15/16          31/16          7/32           9/32           41/32          37/128         
[0,0,0,1,0,0,1,0,0,0,0,0,0,1,0]     31/16          31/16          13/32          35/32          35/32          87/128         
[0,0,0,1,0,0,1,0,0,0,0,0,2,0,0]     31/16          17/8           15/32          33/32          39/32          93/128         
[0,0,0,1,0,0,1,0,0,0,1,0,0,0,0]     31/16          31/16          13/32          35/32          35/32          87/128         
[0,0,0,1,0,0,1,0,0,1,0,0,1,0,0]     31/16          17/8           7/16           17/16          5/4            45/64          
[0,0,0,1,0,0,1,0,0,2,0,0,0,0,0]     31/16          17/8           15/32          33/32          39/32          93/128         
[0,0,0,1,0,0,2,0,0,0,0,0,1,0,0]     31/16          17/8           15/32          33/32          39/32          93/128         
[0,0,0,1,0,0,2,0,0,1,0,0,0,0,0]     31/16          17/8           15/32          33/32          39/32          93/128         
[0,0,0,2,0,0,0,0,0,0,0,0,2,0,0]     31/16          17/8           1/2            1              19/16          3/4            
[0,0,0,2,0,0,0,0,0,1,0,0,1,0,0]     31/16          17/8           15/32          33/32          39/32          93/128         
[0,0,0,2,0,0,0,0,0,2,0,0,0,0,0]     31/16          17/8           1/2            1              19/16          3/4            
[0,0,0,2,0,0,1,0,0,0,0,0,1,0,0]     31/16          17/8           15/32          33/32          39/32          93/128         
[0,0,0,2,0,0,1,0,0,1,0,0,0,0,0]     31/16          17/8           15/32          33/32          39/32          93/128         
[0,0,0,2,0,0,2,0,0,0,0,0,0,0,0]     31/16          17/8           1/2            1              19/16          3/4            
[0,1,0,0,0,0,0,0,0,0,0,0,0,0,0]     15/16          31/16          3/16           5/16           21/16          17/64          
[0,1,0,0,0,0,0,0,0,0,0,0,0,1,0]     31/16          31/16          3/8            9/8            9/8            21/32          
[0,1,0,0,0,0,0,0,0,0,1,0,0,0,0]     31/16          31/16          3/8            9/8            9/8            21/32          
[0,1,0,0,0,0,0,0,0,1,0,0,1,0,0]     31/16          31/16          13/32          35/32          35/32          87/128         
[0,1,0,0,0,0,0,1,0,0,0,0,0,0,0]     31/16          31/16          3/8            9/8            9/8            21/32          
[0,1,0,0,0,0,1,0,0,0,0,0,1,0,0]     31/16          31/16          13/32          35/32          35/32          87/128         
[0,1,0,0,0,0,1,0,0,1,0,0,0,0,0]     31/16          31/16          13/32          35/32          35/32          87/128         
[0,1,0,0,1,0,0,0,0,0,0,0,0,0,0]     31/16          31/16          3/8            9/8            9/8            21/32          
[0,1,0,1,0,0,0,0,0,0,0,0,1,0,0]     31/16          31/16          13/32          35/32          35/32          87/128         
[0,1,0,1,0,0,0,0,0,1,0,0,0,0,0]     31/16          31/16          13/32          35/32          35/32          87/128         
[0,1,0,1,0,0,1,0,0,0,0,0,0,0,0]     31/16          31/16          13/32          35/32          35/32          87/128         
[1,0,0,0,0,0,0,0,0,0,0,0,1,0,0]     15/16          31/16          7/32           9/32           41/32          37/128         
[1,0,0,0,0,0,0,0,0,0,1,0,1,0,0]     31/16          31/16          13/32          35/32          35/32          87/128         
[1,0,0,0,0,0,0,0,0,1,0,0,0,0,0]     15/16          31/16          7/32           9/32           41/32          37/128         
[1,0,0,0,0,0,0,0,0,1,0,0,0,1,0]     31/16          31/16          13/32          35/32          35/32          87/128         
[1,0,0,0,0,0,0,0,0,1,0,0,2,0,0]     31/16          17/8           15/32          33/32          39/32          93/128         
[1,0,0,0,0,0,0,0,0,2,0,0,1,0,0]     31/16          17/8           15/32          33/32          39/32          93/128         
[1,0,0,0,0,0,0,1,0,0,0,0,1,0,0]     31/16          31/16          13/32          35/32          35/32          87/128         
[1,0,0,0,0,0,0,1,0,1,0,0,0,0,0]     31/16          31/16          13/32          35/32          35/32          87/128         
[1,0,0,0,0,0,1,0,0,0,0,0,0,0,0]     15/16          31/16          7/32           9/32           41/32          37/128         
[1,0,0,0,0,0,1,0,0,0,0,0,0,1,0]     31/16          31/16          13/32          35/32          35/32          87/128         
[1,0,0,0,0,0,1,0,0,0,0,0,2,0,0]     31/16          17/8           15/32          33/32          39/32          93/128         
[1,0,0,0,0,0,1,0,0,0,1,0,0,0,0]     31/16          31/16          13/32          35/32          35/32          87/128         
[1,0,0,0,0,0,1,0,0,1,0,0,1,0,0]     31/16          17/8           7/16           17/16          5/4            45/64          
[1,0,0,0,0,0,1,0,0,2,0,0,0,0,0]     31/16          17/8           15/32          33/32          39/32          93/128         
[1,0,0,0,0,0,2,0,0,0,0,0,1,0,0]     31/16          17/8           15/32          33/32          39/32          93/128         
[1,0,0,0,0,0,2,0,0,1,0,0,0,0,0]     31/16          17/8           15/32          33/32          39/32          93/128         
[1,0,0,0,1,0,0,0,0,0,0,0,1,0,0]     31/16          31/16          13/32          35/32          35/32          87/128         
[1,0,0,0,1,0,0,0,0,1,0,0,0,0,0]     31/16          31/16          13/32          35/32          35/32          87/128         
[1,0,0,0,1,0,1,0,0,0,0,0,0,0,0]     31/16          31/16          13/32          35/32          35/32          87/128         
[1,0,0,1,0,0,0,0,0,0,0,0,0,0,0]     15/16          31/16          7/32           9/32           41/32          37/128         
[1,0,0,1,0,0,0,0,0,0,0,0,0,1,0]     31/16          31/16          13/32          35/32          35/32          87/128         
[1,0,0,1,0,0,0,0,0,0,0,0,2,0,0]     31/16          17/8           15/32          33/32          39/32          93/128         
[1,0,0,1,0,0,0,0,0,0,1,0,0,0,0]     31/16          31/16          13/32          35/32          35/32          87/128         
[1,0,0,1,0,0,0,0,0,1,0,0,1,0,0]     31/16          17/8           7/16           17/16          5/4            45/64          
[1,0,0,1,0,0,0,0,0,2,0,0,0,0,0]     31/16          17/8           15/32          33/32          39/32          93/128         
[1,0,0,1,0,0,0,1,0,0,0,0,0,0,0]     31/16          31/16          13/32          35/32          35/32          87/128         
[1,0,0,1,0,0,1,0,0,0,0,0,1,0,0]     31/16          17/8           7/16           17/16          5/4            45/64          
[1,0,0,1,0,0,1,0,0,1,0,0,0,0,0]     31/16          17/8           7/16           17/16          5/4            45/64          
[1,0,0,1,0,0,2,0,0,0,0,0,0,0,0]     31/16          17/8           15/32          33/32          39/32          93/128         
[1,0,0,2,0,0,0,0,0,0,0,0,1,0,0]     31/16          17/8           15/32          33/32          39/32          93/128         
[1,0,0,2,0,0,0,0,0,1,0,0,0,0,0]     31/16          17/8           15/32          33/32          39/32          93/128         
[1,0,0,2,0,0,1,0,0,0,0,0,0,0,0]     31/16          17/8           15/32          33/32          39/32          93/128         
[2,0,0,0,0,0,0,0,0,0,0,0,2,0,0]     31/16          17/8           1/2            1              19/16          3/4            
[2,0,0,0,0,0,0,0,0,1,0,0,1,0,0]     31/16          17/8           15/32          33/32          39/32          93/128         
[2,0,0,0,0,0,0,0,0,2,0,0,0,0,0]     31/16          17/8           1/2            1              19/16          3/4            
[2,0,0,0,0,0,1,0,0,0,0,0,1,0,0]     31/16          17/8           15/32          33/32          39/32          93/128         
[2,0,0,0,0,0,1,0,0,1,0,0,0,0,0]     31/16          17/8           15/32          33/32          39/32          93/128         
[2,0,0,0,0,0,2,0,0,0,0,0,0,0,0]     31/16          17/8           1/2            1              19/16          3/4            
[2,0,0,1,0,0,0,0,0,0,0,0,1,0,0]     31/16          17/8           15/32          33/32          39/32          93/128         
[2,0,0,1,0,0,0,0,0,1,0,0,0,0,0]     31/16          17/8           15/32          33/32          39/32          93/128         
[2,0,0,1,0,0,1,0,0,0,0,0,0,0,0]     31/16          17/8           15/32          33/32          39/32          93/128         
[2,0,0,2,0,0,0,0,0,0,0,0,0,0,0]     31/16          17/8           1/2            1              19/16          3/4            
q(R)>E is potentially violated on: [[0,0,0,0,0,0,0,0,0,0,0,0,0,0,0], [0,0,0,0,0,0,0,0,0,0,0,0,0,1,0], [0,0,0,0,0,0,0,0,0,0,1,0,0,0,0], [0,0,0,0,0,0,0,0,0,1,0,0,1,0,0], [0,0,0,0,0,0,0,1,0,0,0,0,0,0,0], [0,0,0,0,0,0,1,0,0,0,0,0,1,0,0], [0,0,0,0,0,0,1,0,0,1,0,0,0,0,0], [0,0,0,0,1,0,0,0,0,0,0,0,0,0,0], [0,0,0,1,0,0,0,0,0,0,0,0,1,0,0], [0,0,0,1,0,0,0,0,0,1,0,0,0,0,0], [0,0,0,1,0,0,1,0,0,0,0,0,0,0,0], [0,1,0,0,0,0,0,0,0,0,0,0,0,0,0], [1,0,0,0,0,0,0,0,0,0,0,0,1,0,0], [1,0,0,0,0,0,0,0,0,1,0,0,0,0,0], [1,0,0,0,0,0,1,0,0,0,0,0,0,0,0], [1,0,0,1,0,0,0,0,0,0,0,0,0,0,0]]
Crude estimate: LL > 2E if CasG > 1/16*sqrt(366) + 85/64, approx. 2.5238
Scanning for 0 <= CasG <= C.
Fourier mode                        CasG           KT?            LL >=          LL >= 2E?      
0                                   0                             -1/4                          
1e_2                                15/16                         19/64                         
2e_1                                1                             7/16                          
1e_4                                7/4                           71/64          >              
1e_1+1e_3                           15/8                          77/64          >              
2e_2                                31/16                         79/64          >              
2e_1+1e_2                           2                             89/64          >              
1e_6                                39/16                         115/64         >              

Done!