====== Sym2LowerBounds (2023/01/26, 14:30) for G=C16, H=C4C4C4C4======

LiE isotropy representation:      1X[0,0,0,0,0,0,0,0,1,0,0,0,1,0,0,0] +
     1X[0,0,0,0,1,0,0,0,0,0,0,0,1,0,0,0] +
     1X[0,0,0,0,1,0,0,0,1,0,0,0,0,0,0,0] +
     1X[1,0,0,0,0,0,0,0,0,0,0,0,1,0,0,0] +
     1X[1,0,0,0,0,0,0,0,1,0,0,0,0,0,0,0] +
     1X[1,0,0,0,1,0,0,0,0,0,0,0,0,0,0,0]
Einstein constant: E=13/34
Isotype in Sym^2_0                    CasGMin        CasGMax        CasH           A*AMin         A*AMax         q(R)Min        
[0,0,0,0,0,0,0,0,0,0,0,0,0,0,0,0]     16/17          33/17          0              7/17           24/17          7/68           
[0,0,0,0,0,0,0,0,0,0,0,0,0,1,0,0]     16/17          33/17          4/17           3/17           20/17          19/68          
[0,0,0,0,0,0,0,0,0,1,0,0,0,0,0,0]     16/17          33/17          4/17           3/17           20/17          19/68          
[0,0,0,0,0,0,0,0,0,1,0,0,0,1,0,0]     33/17          33/17          8/17           16/17          16/17          12/17          
[0,0,0,0,0,0,0,0,1,0,0,0,1,0,0,0]     16/17          33/17          9/34           5/34           39/34          41/136         
[0,0,0,0,0,0,0,0,2,0,0,0,2,0,0,0]     33/17          36/17          10/17          14/17          1              27/34          
[0,0,0,0,0,1,0,0,0,0,0,0,0,0,0,0]     16/17          33/17          4/17           3/17           20/17          19/68          
[0,0,0,0,0,1,0,0,0,0,0,0,0,1,0,0]     33/17          33/17          8/17           16/17          16/17          12/17          
[0,0,0,0,0,1,0,0,0,1,0,0,0,0,0,0]     33/17          33/17          8/17           16/17          16/17          12/17          
[0,0,0,0,0,1,0,0,1,0,0,0,1,0,0,0]     33/17          33/17          1/2            31/34          31/34          99/136         
[0,0,0,0,1,0,0,0,0,0,0,0,1,0,0,0]     16/17          33/17          9/34           5/34           39/34          41/136         
[0,0,0,0,1,0,0,0,0,1,0,0,1,0,0,0]     33/17          33/17          1/2            31/34          31/34          99/136         
[0,0,0,0,1,0,0,0,1,0,0,0,0,0,0,0]     16/17          33/17          9/34           5/34           39/34          41/136         
[0,0,0,0,1,0,0,0,1,0,0,0,0,1,0,0]     33/17          33/17          1/2            31/34          31/34          99/136         
[0,0,0,0,1,0,0,0,1,0,0,0,2,0,0,0]     33/17          36/17          19/34          29/34          35/34          105/136        
[0,0,0,0,1,0,0,0,2,0,0,0,1,0,0,0]     33/17          36/17          19/34          29/34          35/34          105/136        
[0,0,0,0,2,0,0,0,0,0,0,0,2,0,0,0]     33/17          36/17          10/17          14/17          1              27/34          
[0,0,0,0,2,0,0,0,1,0,0,0,1,0,0,0]     33/17          36/17          19/34          29/34          35/34          105/136        
[0,0,0,0,2,0,0,0,2,0,0,0,0,0,0,0]     33/17          36/17          10/17          14/17          1              27/34          
[0,1,0,0,0,0,0,0,0,0,0,0,0,0,0,0]     16/17          33/17          4/17           3/17           20/17          19/68          
[0,1,0,0,0,0,0,0,0,0,0,0,0,1,0,0]     33/17          33/17          8/17           16/17          16/17          12/17          
[0,1,0,0,0,0,0,0,0,1,0,0,0,0,0,0]     33/17          33/17          8/17           16/17          16/17          12/17          
[0,1,0,0,0,0,0,0,1,0,0,0,1,0,0,0]     33/17          33/17          1/2            31/34          31/34          99/136         
[0,1,0,0,0,1,0,0,0,0,0,0,0,0,0,0]     33/17          33/17          8/17           16/17          16/17          12/17          
[0,1,0,0,1,0,0,0,0,0,0,0,1,0,0,0]     33/17          33/17          1/2            31/34          31/34          99/136         
[0,1,0,0,1,0,0,0,1,0,0,0,0,0,0,0]     33/17          33/17          1/2            31/34          31/34          99/136         
[1,0,0,0,0,0,0,0,0,0,0,0,1,0,0,0]     16/17          33/17          9/34           5/34           39/34          41/136         
[1,0,0,0,0,0,0,0,0,1,0,0,1,0,0,0]     33/17          33/17          1/2            31/34          31/34          99/136         
[1,0,0,0,0,0,0,0,1,0,0,0,0,0,0,0]     16/17          33/17          9/34           5/34           39/34          41/136         
[1,0,0,0,0,0,0,0,1,0,0,0,0,1,0,0]     33/17          33/17          1/2            31/34          31/34          99/136         
[1,0,0,0,0,0,0,0,1,0,0,0,2,0,0,0]     33/17          36/17          19/34          29/34          35/34          105/136        
[1,0,0,0,0,0,0,0,2,0,0,0,1,0,0,0]     33/17          36/17          19/34          29/34          35/34          105/136        
[1,0,0,0,0,1,0,0,0,0,0,0,1,0,0,0]     33/17          33/17          1/2            31/34          31/34          99/136         
[1,0,0,0,0,1,0,0,1,0,0,0,0,0,0,0]     33/17          33/17          1/2            31/34          31/34          99/136         
[1,0,0,0,1,0,0,0,0,0,0,0,0,0,0,0]     16/17          33/17          9/34           5/34           39/34          41/136         
[1,0,0,0,1,0,0,0,0,0,0,0,0,1,0,0]     33/17          33/17          1/2            31/34          31/34          99/136         
[1,0,0,0,1,0,0,0,0,0,0,0,2,0,0,0]     33/17          36/17          19/34          29/34          35/34          105/136        
[1,0,0,0,1,0,0,0,0,1,0,0,0,0,0,0]     33/17          33/17          1/2            31/34          31/34          99/136         
[1,0,0,0,1,0,0,0,1,0,0,0,1,0,0,0]     33/17          36/17          9/17           15/17          18/17          3/4            
[1,0,0,0,1,0,0,0,2,0,0,0,0,0,0,0]     33/17          36/17          19/34          29/34          35/34          105/136        
[1,0,0,0,2,0,0,0,0,0,0,0,1,0,0,0]     33/17          36/17          19/34          29/34          35/34          105/136        
[1,0,0,0,2,0,0,0,1,0,0,0,0,0,0,0]     33/17          36/17          19/34          29/34          35/34          105/136        
[2,0,0,0,0,0,0,0,0,0,0,0,2,0,0,0]     33/17          36/17          10/17          14/17          1              27/34          
[2,0,0,0,0,0,0,0,1,0,0,0,1,0,0,0]     33/17          36/17          19/34          29/34          35/34          105/136        
[2,0,0,0,0,0,0,0,2,0,0,0,0,0,0,0]     33/17          36/17          10/17          14/17          1              27/34          
[2,0,0,0,1,0,0,0,0,0,0,0,1,0,0,0]     33/17          36/17          19/34          29/34          35/34          105/136        
[2,0,0,0,1,0,0,0,1,0,0,0,0,0,0,0]     33/17          36/17          19/34          29/34          35/34          105/136        
[2,0,0,0,2,0,0,0,0,0,0,0,0,0,0,0]     33/17          36/17          10/17          14/17          1              27/34          
q(R)>E is potentially violated on: [[0,0,0,0,0,0,0,0,0,0,0,0,0,0,0,0], [0,0,0,0,0,0,0,0,0,0,0,0,0,1,0,0], [0,0,0,0,0,0,0,0,0,1,0,0,0,0,0,0], [0,0,0,0,0,0,0,0,1,0,0,0,1,0,0,0], [0,0,0,0,0,1,0,0,0,0,0,0,0,0,0,0], [0,0,0,0,1,0,0,0,0,0,0,0,1,0,0,0], [0,0,0,0,1,0,0,0,1,0,0,0,0,0,0,0], [0,1,0,0,0,0,0,0,0,0,0,0,0,0,0,0], [1,0,0,0,0,0,0,0,0,0,0,0,1,0,0,0], [1,0,0,0,0,0,0,0,1,0,0,0,0,0,0,0], [1,0,0,0,1,0,0,0,0,0,0,0,0,0,0,0]]
Crude estimate: LL > 2E if CasG > 1/17*sqrt(426) + 95/68, approx. 2.6112
Scanning for 0 <= CasG <= C.
Fourier mode                          CasG           KT?            LL >=          LL >= 2E?      
0                                     0              !              -5/17                         
1e_2                                  16/17                         13/68                         
2e_1                                  1                             11/34                         
1e_4                                  30/17                         69/68          >              
1e_1+1e_3                             32/17                         75/68          >              
2e_2                                  33/17                         77/68          >              
2e_1+1e_2                             2                             87/68          >              
1e_6                                  42/17                         117/68         >              

Done!