====== Sym2LowerBounds (2023/01/26, 14:30) for G=C16, H=C2C2C2C2C2C2C2C2======

LiE isotropy representation:      1X[0,0,0,0,0,0,0,0,0,0,0,0,1,0,1,0] +
     1X[0,0,0,0,0,0,0,0,0,0,1,0,0,0,1,0] +
     1X[0,0,0,0,0,0,0,0,0,0,1,0,1,0,0,0] +
     1X[0,0,0,0,0,0,0,0,1,0,0,0,0,0,1,0] +
     1X[0,0,0,0,0,0,0,0,1,0,0,0,1,0,0,0] +
     1X[0,0,0,0,0,0,0,0,1,0,1,0,0,0,0,0] +
     1X[0,0,0,0,0,0,1,0,0,0,0,0,0,0,1,0] +
     1X[0,0,0,0,0,0,1,0,0,0,0,0,1,0,0,0] +
     1X[0,0,0,0,0,0,1,0,0,0,1,0,0,0,0,0] +
     1X[0,0,0,0,0,0,1,0,1,0,0,0,0,0,0,0] +
     1X[0,0,0,0,1,0,0,0,0,0,0,0,0,0,1,0] +
     1X[0,0,0,0,1,0,0,0,0,0,0,0,1,0,0,0] +
     1X[0,0,0,0,1,0,0,0,0,0,1,0,0,0,0,0] +
     1X[0,0,0,0,1,0,0,0,1,0,0,0,0,0,0,0] +
     1X[0,0,0,0,1,0,1,0,0,0,0,0,0,0,0,0] +
     1X[0,0,1,0,0,0,0,0,0,0,0,0,0,0,1,0] +
     1X[0,0,1,0,0,0,0,0,0,0,0,0,1,0,0,0] +
     1X[0,0,1,0,0,0,0,0,0,0,1,0,0,0,0,0] +
     1X[0,0,1,0,0,0,0,0,1,0,0,0,0,0,0,0] +
     1X[0,0,1,0,0,0,1,0,0,0,0,0,0,0,0,0] +
     1X[0,0,1,0,1,0,0,0,0,0,0,0,0,0,0,0] +
     1X[1,0,0,0,0,0,0,0,0,0,0,0,0,0,1,0] +
     1X[1,0,0,0,0,0,0,0,0,0,0,0,1,0,0,0] +
     1X[1,0,0,0,0,0,0,0,0,0,1,0,0,0,0,0] +
     1X[1,0,0,0,0,0,0,0,1,0,0,0,0,0,0,0] +
     1X[1,0,0,0,0,0,1,0,0,0,0,0,0,0,0,0] +
     1X[1,0,0,0,1,0,0,0,0,0,0,0,0,0,0,0] +
     1X[1,0,1,0,0,0,0,0,0,0,0,0,0,0,0,0]
Einstein constant: E=11/34
Isotype in Sym^2_0                    CasGMin        CasGMax        CasH           A*AMin         A*AMax         q(R)Min        
[0,0,0,0,0,0,0,0,0,0,0,0,0,0,0,0]     16/17          33/17          0              11/17          28/17          11/68          
[0,0,0,0,0,0,0,0,0,0,0,0,0,0,0,1]     16/17          33/17          2/17           9/17           26/17          1/4            
[0,0,0,0,0,0,0,0,0,0,0,0,0,1,0,0]     16/17          33/17          2/17           9/17           26/17          1/4            
[0,0,0,0,0,0,0,0,0,0,0,0,0,1,0,1]     33/17          33/17          4/17           24/17          24/17          10/17          
[0,0,0,0,0,0,0,0,0,0,0,0,1,0,1,0]     16/17          33/17          5/34           1/2            3/2            37/136         
[0,0,0,0,0,0,0,0,0,0,0,0,2,0,2,0]     33/17          36/17          6/17           22/17          25/17          23/34          
[0,0,0,0,0,0,0,0,0,0,0,1,0,0,0,0]     16/17          33/17          2/17           9/17           26/17          1/4            
[0,0,0,0,0,0,0,0,0,0,0,1,0,0,0,1]     33/17          33/17          4/17           24/17          24/17          10/17          
[0,0,0,0,0,0,0,0,0,0,0,1,0,1,0,0]     33/17          33/17          4/17           24/17          24/17          10/17          
[0,0,0,0,0,0,0,0,0,0,0,1,1,0,1,0]     33/17          33/17          9/34           47/34          47/34          83/136         
[0,0,0,0,0,0,0,0,0,0,1,0,0,0,1,0]     16/17          33/17          5/34           1/2            3/2            37/136         
[0,0,0,0,0,0,0,0,0,0,1,0,0,1,1,0]     33/17          33/17          9/34           47/34          47/34          83/136         
[0,0,0,0,0,0,0,0,0,0,1,0,1,0,0,0]     16/17          33/17          5/34           1/2            3/2            37/136         
[0,0,0,0,0,0,0,0,0,0,1,0,1,0,0,1]     33/17          33/17          9/34           47/34          47/34          83/136         
[0,0,0,0,0,0,0,0,0,0,1,0,1,0,2,0]     33/17          36/17          11/34          45/34          3/2            89/136         
[0,0,0,0,0,0,0,0,0,0,1,0,2,0,1,0]     33/17          36/17          11/34          45/34          3/2            89/136         
[0,0,0,0,0,0,0,0,0,0,2,0,0,0,2,0]     33/17          36/17          6/17           22/17          25/17          23/34          
[0,0,0,0,0,0,0,0,0,0,2,0,1,0,1,0]     33/17          36/17          11/34          45/34          3/2            89/136         
[0,0,0,0,0,0,0,0,0,0,2,0,2,0,0,0]     33/17          36/17          6/17           22/17          25/17          23/34          
[0,0,0,0,0,0,0,0,0,1,0,0,0,0,0,0]     16/17          33/17          2/17           9/17           26/17          1/4            
[0,0,0,0,0,0,0,0,0,1,0,0,0,0,0,1]     33/17          33/17          4/17           24/17          24/17          10/17          
[0,0,0,0,0,0,0,0,0,1,0,0,0,1,0,0]     33/17          33/17          4/17           24/17          24/17          10/17          
[0,0,0,0,0,0,0,0,0,1,0,0,1,0,1,0]     33/17          33/17          9/34           47/34          47/34          83/136         
[0,0,0,0,0,0,0,0,0,1,0,1,0,0,0,0]     33/17          33/17          4/17           24/17          24/17          10/17          
[0,0,0,0,0,0,0,0,0,1,1,0,0,0,1,0]     33/17          33/17          9/34           47/34          47/34          83/136         
[0,0,0,0,0,0,0,0,0,1,1,0,1,0,0,0]     33/17          33/17          9/34           47/34          47/34          83/136         
[0,0,0,0,0,0,0,0,1,0,0,0,0,0,1,0]     16/17          33/17          5/34           1/2            3/2            37/136         
[0,0,0,0,0,0,0,0,1,0,0,0,0,1,1,0]     33/17          33/17          9/34           47/34          47/34          83/136         
[0,0,0,0,0,0,0,0,1,0,0,0,1,0,0,0]     16/17          33/17          5/34           1/2            3/2            37/136         
[0,0,0,0,0,0,0,0,1,0,0,0,1,0,0,1]     33/17          33/17          9/34           47/34          47/34          83/136         
[0,0,0,0,0,0,0,0,1,0,0,0,1,0,2,0]     33/17          36/17          11/34          45/34          3/2            89/136         
[0,0,0,0,0,0,0,0,1,0,0,0,2,0,1,0]     33/17          36/17          11/34          45/34          3/2            89/136         
[0,0,0,0,0,0,0,0,1,0,0,1,0,0,1,0]     33/17          33/17          9/34           47/34          47/34          83/136         
[0,0,0,0,0,0,0,0,1,0,0,1,1,0,0,0]     33/17          33/17          9/34           47/34          47/34          83/136         
[0,0,0,0,0,0,0,0,1,0,1,0,0,0,0,0]     16/17          33/17          5/34           1/2            3/2            37/136         
[0,0,0,0,0,0,0,0,1,0,1,0,0,0,0,1]     33/17          33/17          9/34           47/34          47/34          83/136         
[0,0,0,0,0,0,0,0,1,0,1,0,0,0,2,0]     33/17          36/17          11/34          45/34          3/2            89/136         
[0,0,0,0,0,0,0,0,1,0,1,0,0,1,0,0]     33/17          33/17          9/34           47/34          47/34          83/136         
[0,0,0,0,0,0,0,0,1,0,1,0,1,0,1,0]     33/17          36/17          5/17           23/17          26/17          43/68          
[0,0,0,0,0,0,0,0,1,0,1,0,2,0,0,0]     33/17          36/17          11/34          45/34          3/2            89/136         
[0,0,0,0,0,0,0,0,1,0,2,0,0,0,1,0]     33/17          36/17          11/34          45/34          3/2            89/136         
[0,0,0,0,0,0,0,0,1,0,2,0,1,0,0,0]     33/17          36/17          11/34          45/34          3/2            89/136         
[0,0,0,0,0,0,0,0,2,0,0,0,0,0,2,0]     33/17          36/17          6/17           22/17          25/17          23/34          
[0,0,0,0,0,0,0,0,2,0,0,0,1,0,1,0]     33/17          36/17          11/34          45/34          3/2            89/136         
[0,0,0,0,0,0,0,0,2,0,0,0,2,0,0,0]     33/17          36/17          6/17           22/17          25/17          23/34          
[0,0,0,0,0,0,0,0,2,0,1,0,0,0,1,0]     33/17          36/17          11/34          45/34          3/2            89/136         
[0,0,0,0,0,0,0,0,2,0,1,0,1,0,0,0]     33/17          36/17          11/34          45/34          3/2            89/136         
[0,0,0,0,0,0,0,0,2,0,2,0,0,0,0,0]     33/17          36/17          6/17           22/17          25/17          23/34          
[0,0,0,0,0,0,0,1,0,0,0,0,0,0,0,0]     16/17          33/17          2/17           9/17           26/17          1/4            
[0,0,0,0,0,0,0,1,0,0,0,0,0,0,0,1]     33/17          33/17          4/17           24/17          24/17          10/17          
[0,0,0,0,0,0,0,1,0,0,0,0,0,1,0,0]     33/17          33/17          4/17           24/17          24/17          10/17          
[0,0,0,0,0,0,0,1,0,0,0,0,1,0,1,0]     33/17          33/17          9/34           47/34          47/34          83/136         
[0,0,0,0,0,0,0,1,0,0,0,1,0,0,0,0]     33/17          33/17          4/17           24/17          24/17          10/17          
[0,0,0,0,0,0,0,1,0,0,1,0,0,0,1,0]     33/17          33/17          9/34           47/34          47/34          83/136         
[0,0,0,0,0,0,0,1,0,0,1,0,1,0,0,0]     33/17          33/17          9/34           47/34          47/34          83/136         
[0,0,0,0,0,0,0,1,0,1,0,0,0,0,0,0]     33/17          33/17          4/17           24/17          24/17          10/17          
[0,0,0,0,0,0,0,1,1,0,0,0,0,0,1,0]     33/17          33/17          9/34           47/34          47/34          83/136         
[0,0,0,0,0,0,0,1,1,0,0,0,1,0,0,0]     33/17          33/17          9/34           47/34          47/34          83/136         
[0,0,0,0,0,0,0,1,1,0,1,0,0,0,0,0]     33/17          33/17          9/34           47/34          47/34          83/136         
[0,0,0,0,0,0,1,0,0,0,0,0,0,0,1,0]     16/17          33/17          5/34           1/2            3/2            37/136         
[0,0,0,0,0,0,1,0,0,0,0,0,0,1,1,0]     33/17          33/17          9/34           47/34          47/34          83/136         
[0,0,0,0,0,0,1,0,0,0,0,0,1,0,0,0]     16/17          33/17          5/34           1/2            3/2            37/136         
[0,0,0,0,0,0,1,0,0,0,0,0,1,0,0,1]     33/17          33/17          9/34           47/34          47/34          83/136         
[0,0,0,0,0,0,1,0,0,0,0,0,1,0,2,0]     33/17          36/17          11/34          45/34          3/2            89/136         
[0,0,0,0,0,0,1,0,0,0,0,0,2,0,1,0]     33/17          36/17          11/34          45/34          3/2            89/136         
[0,0,0,0,0,0,1,0,0,0,0,1,0,0,1,0]     33/17          33/17          9/34           47/34          47/34          83/136         
[0,0,0,0,0,0,1,0,0,0,0,1,1,0,0,0]     33/17          33/17          9/34           47/34          47/34          83/136         
[0,0,0,0,0,0,1,0,0,0,1,0,0,0,0,0]     16/17          33/17          5/34           1/2            3/2            37/136         
[0,0,0,0,0,0,1,0,0,0,1,0,0,0,0,1]     33/17          33/17          9/34           47/34          47/34          83/136         
[0,0,0,0,0,0,1,0,0,0,1,0,0,0,2,0]     33/17          36/17          11/34          45/34          3/2            89/136         
[0,0,0,0,0,0,1,0,0,0,1,0,0,1,0,0]     33/17          33/17          9/34           47/34          47/34          83/136         
[0,0,0,0,0,0,1,0,0,0,1,0,1,0,1,0]     33/17          36/17          5/17           23/17          26/17          43/68          
[0,0,0,0,0,0,1,0,0,0,1,0,2,0,0,0]     33/17          36/17          11/34          45/34          3/2            89/136         
[0,0,0,0,0,0,1,0,0,0,2,0,0,0,1,0]     33/17          36/17          11/34          45/34          3/2            89/136         
[0,0,0,0,0,0,1,0,0,0,2,0,1,0,0,0]     33/17          36/17          11/34          45/34          3/2            89/136         
[0,0,0,0,0,0,1,0,0,1,0,0,0,0,1,0]     33/17          33/17          9/34           47/34          47/34          83/136         
[0,0,0,0,0,0,1,0,0,1,0,0,1,0,0,0]     33/17          33/17          9/34           47/34          47/34          83/136         
[0,0,0,0,0,0,1,0,0,1,1,0,0,0,0,0]     33/17          33/17          9/34           47/34          47/34          83/136         
[0,0,0,0,0,0,1,0,1,0,0,0,0,0,0,0]     16/17          33/17          5/34           1/2            3/2            37/136         
[0,0,0,0,0,0,1,0,1,0,0,0,0,0,0,1]     33/17          33/17          9/34           47/34          47/34          83/136         
[0,0,0,0,0,0,1,0,1,0,0,0,0,0,2,0]     33/17          36/17          11/34          45/34          3/2            89/136         
[0,0,0,0,0,0,1,0,1,0,0,0,0,1,0,0]     33/17          33/17          9/34           47/34          47/34          83/136         
[0,0,0,0,0,0,1,0,1,0,0,0,1,0,1,0]     33/17          36/17          5/17           23/17          26/17          43/68          
[0,0,0,0,0,0,1,0,1,0,0,0,2,0,0,0]     33/17          36/17          11/34          45/34          3/2            89/136         
[0,0,0,0,0,0,1,0,1,0,0,1,0,0,0,0]     33/17          33/17          9/34           47/34          47/34          83/136         
[0,0,0,0,0,0,1,0,1,0,1,0,0,0,1,0]     33/17          36/17          5/17           23/17          26/17          43/68          
[0,0,0,0,0,0,1,0,1,0,1,0,1,0,0,0]     33/17          36/17          5/17           23/17          26/17          43/68          
[0,0,0,0,0,0,1,0,1,0,2,0,0,0,0,0]     33/17          36/17          11/34          45/34          3/2            89/136         
[0,0,0,0,0,0,1,0,2,0,0,0,0,0,1,0]     33/17          36/17          11/34          45/34          3/2            89/136         
[0,0,0,0,0,0,1,0,2,0,0,0,1,0,0,0]     33/17          36/17          11/34          45/34          3/2            89/136         
[0,0,0,0,0,0,1,0,2,0,1,0,0,0,0,0]     33/17          36/17          11/34          45/34          3/2            89/136         
[0,0,0,0,0,0,2,0,0,0,0,0,0,0,2,0]     33/17          36/17          6/17           22/17          25/17          23/34          
[0,0,0,0,0,0,2,0,0,0,0,0,1,0,1,0]     33/17          36/17          11/34          45/34          3/2            89/136         
[0,0,0,0,0,0,2,0,0,0,0,0,2,0,0,0]     33/17          36/17          6/17           22/17          25/17          23/34          
[0,0,0,0,0,0,2,0,0,0,1,0,0,0,1,0]     33/17          36/17          11/34          45/34          3/2            89/136         
[0,0,0,0,0,0,2,0,0,0,1,0,1,0,0,0]     33/17          36/17          11/34          45/34          3/2            89/136         
[0,0,0,0,0,0,2,0,0,0,2,0,0,0,0,0]     33/17          36/17          6/17           22/17          25/17          23/34          
[0,0,0,0,0,0,2,0,1,0,0,0,0,0,1,0]     33/17          36/17          11/34          45/34          3/2            89/136         
[0,0,0,0,0,0,2,0,1,0,0,0,1,0,0,0]     33/17          36/17          11/34          45/34          3/2            89/136         
[0,0,0,0,0,0,2,0,1,0,1,0,0,0,0,0]     33/17          36/17          11/34          45/34          3/2            89/136         
[0,0,0,0,0,0,2,0,2,0,0,0,0,0,0,0]     33/17          36/17          6/17           22/17          25/17          23/34          
[0,0,0,0,0,1,0,0,0,0,0,0,0,0,0,0]     16/17          33/17          2/17           9/17           26/17          1/4            
[0,0,0,0,0,1,0,0,0,0,0,0,0,0,0,1]     33/17          33/17          4/17           24/17          24/17          10/17          
[0,0,0,0,0,1,0,0,0,0,0,0,0,1,0,0]     33/17          33/17          4/17           24/17          24/17          10/17          
[0,0,0,0,0,1,0,0,0,0,0,0,1,0,1,0]     33/17          33/17          9/34           47/34          47/34          83/136         
[0,0,0,0,0,1,0,0,0,0,0,1,0,0,0,0]     33/17          33/17          4/17           24/17          24/17          10/17          
[0,0,0,0,0,1,0,0,0,0,1,0,0,0,1,0]     33/17          33/17          9/34           47/34          47/34          83/136         
[0,0,0,0,0,1,0,0,0,0,1,0,1,0,0,0]     33/17          33/17          9/34           47/34          47/34          83/136         
[0,0,0,0,0,1,0,0,0,1,0,0,0,0,0,0]     33/17          33/17          4/17           24/17          24/17          10/17          
[0,0,0,0,0,1,0,0,1,0,0,0,0,0,1,0]     33/17          33/17          9/34           47/34          47/34          83/136         
[0,0,0,0,0,1,0,0,1,0,0,0,1,0,0,0]     33/17          33/17          9/34           47/34          47/34          83/136         
[0,0,0,0,0,1,0,0,1,0,1,0,0,0,0,0]     33/17          33/17          9/34           47/34          47/34          83/136         
[0,0,0,0,0,1,0,1,0,0,0,0,0,0,0,0]     33/17          33/17          4/17           24/17          24/17          10/17          
[0,0,0,0,0,1,1,0,0,0,0,0,0,0,1,0]     33/17          33/17          9/34           47/34          47/34          83/136         
[0,0,0,0,0,1,1,0,0,0,0,0,1,0,0,0]     33/17          33/17          9/34           47/34          47/34          83/136         
[0,0,0,0,0,1,1,0,0,0,1,0,0,0,0,0]     33/17          33/17          9/34           47/34          47/34          83/136         
[0,0,0,0,0,1,1,0,1,0,0,0,0,0,0,0]     33/17          33/17          9/34           47/34          47/34          83/136         
[0,0,0,0,1,0,0,0,0,0,0,0,0,0,1,0]     16/17          33/17          5/34           1/2            3/2            37/136         
[0,0,0,0,1,0,0,0,0,0,0,0,0,1,1,0]     33/17          33/17          9/34           47/34          47/34          83/136         
[0,0,0,0,1,0,0,0,0,0,0,0,1,0,0,0]     16/17          33/17          5/34           1/2            3/2            37/136         
[0,0,0,0,1,0,0,0,0,0,0,0,1,0,0,1]     33/17          33/17          9/34           47/34          47/34          83/136         
[0,0,0,0,1,0,0,0,0,0,0,0,1,0,2,0]     33/17          36/17          11/34          45/34          3/2            89/136         
[0,0,0,0,1,0,0,0,0,0,0,0,2,0,1,0]     33/17          36/17          11/34          45/34          3/2            89/136         
[0,0,0,0,1,0,0,0,0,0,0,1,0,0,1,0]     33/17          33/17          9/34           47/34          47/34          83/136         
[0,0,0,0,1,0,0,0,0,0,0,1,1,0,0,0]     33/17          33/17          9/34           47/34          47/34          83/136         
[0,0,0,0,1,0,0,0,0,0,1,0,0,0,0,0]     16/17          33/17          5/34           1/2            3/2            37/136         
[0,0,0,0,1,0,0,0,0,0,1,0,0,0,0,1]     33/17          33/17          9/34           47/34          47/34          83/136         
[0,0,0,0,1,0,0,0,0,0,1,0,0,0,2,0]     33/17          36/17          11/34          45/34          3/2            89/136         
[0,0,0,0,1,0,0,0,0,0,1,0,0,1,0,0]     33/17          33/17          9/34           47/34          47/34          83/136         
[0,0,0,0,1,0,0,0,0,0,1,0,1,0,1,0]     33/17          36/17          5/17           23/17          26/17          43/68          
[0,0,0,0,1,0,0,0,0,0,1,0,2,0,0,0]     33/17          36/17          11/34          45/34          3/2            89/136         
[0,0,0,0,1,0,0,0,0,0,2,0,0,0,1,0]     33/17          36/17          11/34          45/34          3/2            89/136         
[0,0,0,0,1,0,0,0,0,0,2,0,1,0,0,0]     33/17          36/17          11/34          45/34          3/2            89/136         
[0,0,0,0,1,0,0,0,0,1,0,0,0,0,1,0]     33/17          33/17          9/34           47/34          47/34          83/136         
[0,0,0,0,1,0,0,0,0,1,0,0,1,0,0,0]     33/17          33/17          9/34           47/34          47/34          83/136         
[0,0,0,0,1,0,0,0,0,1,1,0,0,0,0,0]     33/17          33/17          9/34           47/34          47/34          83/136         
[0,0,0,0,1,0,0,0,1,0,0,0,0,0,0,0]     16/17          33/17          5/34           1/2            3/2            37/136         
[0,0,0,0,1,0,0,0,1,0,0,0,0,0,0,1]     33/17          33/17          9/34           47/34          47/34          83/136         
[0,0,0,0,1,0,0,0,1,0,0,0,0,0,2,0]     33/17          36/17          11/34          45/34          3/2            89/136         
[0,0,0,0,1,0,0,0,1,0,0,0,0,1,0,0]     33/17          33/17          9/34           47/34          47/34          83/136         
[0,0,0,0,1,0,0,0,1,0,0,0,1,0,1,0]     33/17          36/17          5/17           23/17          26/17          43/68          
[0,0,0,0,1,0,0,0,1,0,0,0,2,0,0,0]     33/17          36/17          11/34          45/34          3/2            89/136         
[0,0,0,0,1,0,0,0,1,0,0,1,0,0,0,0]     33/17          33/17          9/34           47/34          47/34          83/136         
[0,0,0,0,1,0,0,0,1,0,1,0,0,0,1,0]     33/17          36/17          5/17           23/17          26/17          43/68          
[0,0,0,0,1,0,0,0,1,0,1,0,1,0,0,0]     33/17          36/17          5/17           23/17          26/17          43/68          
[0,0,0,0,1,0,0,0,1,0,2,0,0,0,0,0]     33/17          36/17          11/34          45/34          3/2            89/136         
[0,0,0,0,1,0,0,0,2,0,0,0,0,0,1,0]     33/17          36/17          11/34          45/34          3/2            89/136         
[0,0,0,0,1,0,0,0,2,0,0,0,1,0,0,0]     33/17          36/17          11/34          45/34          3/2            89/136         
[0,0,0,0,1,0,0,0,2,0,1,0,0,0,0,0]     33/17          36/17          11/34          45/34          3/2            89/136         
[0,0,0,0,1,0,0,1,0,0,0,0,0,0,1,0]     33/17          33/17          9/34           47/34          47/34          83/136         
[0,0,0,0,1,0,0,1,0,0,0,0,1,0,0,0]     33/17          33/17          9/34           47/34          47/34          83/136         
[0,0,0,0,1,0,0,1,0,0,1,0,0,0,0,0]     33/17          33/17          9/34           47/34          47/34          83/136         
[0,0,0,0,1,0,0,1,1,0,0,0,0,0,0,0]     33/17          33/17          9/34           47/34          47/34          83/136         
[0,0,0,0,1,0,1,0,0,0,0,0,0,0,0,0]     16/17          33/17          5/34           1/2            3/2            37/136         
[0,0,0,0,1,0,1,0,0,0,0,0,0,0,0,1]     33/17          33/17          9/34           47/34          47/34          83/136         
[0,0,0,0,1,0,1,0,0,0,0,0,0,0,2,0]     33/17          36/17          11/34          45/34          3/2            89/136         
[0,0,0,0,1,0,1,0,0,0,0,0,0,1,0,0]     33/17          33/17          9/34           47/34          47/34          83/136         
[0,0,0,0,1,0,1,0,0,0,0,0,1,0,1,0]     33/17          36/17          5/17           23/17          26/17          43/68          
[0,0,0,0,1,0,1,0,0,0,0,0,2,0,0,0]     33/17          36/17          11/34          45/34          3/2            89/136         
[0,0,0,0,1,0,1,0,0,0,0,1,0,0,0,0]     33/17          33/17          9/34           47/34          47/34          83/136         
[0,0,0,0,1,0,1,0,0,0,1,0,0,0,1,0]     33/17          36/17          5/17           23/17          26/17          43/68          
[0,0,0,0,1,0,1,0,0,0,1,0,1,0,0,0]     33/17          36/17          5/17           23/17          26/17          43/68          
[0,0,0,0,1,0,1,0,0,0,2,0,0,0,0,0]     33/17          36/17          11/34          45/34          3/2            89/136         
[0,0,0,0,1,0,1,0,0,1,0,0,0,0,0,0]     33/17          33/17          9/34           47/34          47/34          83/136         
[0,0,0,0,1,0,1,0,1,0,0,0,0,0,1,0]     33/17          36/17          5/17           23/17          26/17          43/68          
[0,0,0,0,1,0,1,0,1,0,0,0,1,0,0,0]     33/17          36/17          5/17           23/17          26/17          43/68          
[0,0,0,0,1,0,1,0,1,0,1,0,0,0,0,0]     33/17          36/17          5/17           23/17          26/17          43/68          
[0,0,0,0,1,0,1,0,2,0,0,0,0,0,0,0]     33/17          36/17          11/34          45/34          3/2            89/136         
[0,0,0,0,1,0,2,0,0,0,0,0,0,0,1,0]     33/17          36/17          11/34          45/34          3/2            89/136         
[0,0,0,0,1,0,2,0,0,0,0,0,1,0,0,0]     33/17          36/17          11/34          45/34          3/2            89/136         
[0,0,0,0,1,0,2,0,0,0,1,0,0,0,0,0]     33/17          36/17          11/34          45/34          3/2            89/136         
[0,0,0,0,1,0,2,0,1,0,0,0,0,0,0,0]     33/17          36/17          11/34          45/34          3/2            89/136         
[0,0,0,0,2,0,0,0,0,0,0,0,0,0,2,0]     33/17          36/17          6/17           22/17          25/17          23/34          
[0,0,0,0,2,0,0,0,0,0,0,0,1,0,1,0]     33/17          36/17          11/34          45/34          3/2            89/136         
[0,0,0,0,2,0,0,0,0,0,0,0,2,0,0,0]     33/17          36/17          6/17           22/17          25/17          23/34          
[0,0,0,0,2,0,0,0,0,0,1,0,0,0,1,0]     33/17          36/17          11/34          45/34          3/2            89/136         
[0,0,0,0,2,0,0,0,0,0,1,0,1,0,0,0]     33/17          36/17          11/34          45/34          3/2            89/136         
[0,0,0,0,2,0,0,0,0,0,2,0,0,0,0,0]     33/17          36/17          6/17           22/17          25/17          23/34          
[0,0,0,0,2,0,0,0,1,0,0,0,0,0,1,0]     33/17          36/17          11/34          45/34          3/2            89/136         
[0,0,0,0,2,0,0,0,1,0,0,0,1,0,0,0]     33/17          36/17          11/34          45/34          3/2            89/136         
[0,0,0,0,2,0,0,0,1,0,1,0,0,0,0,0]     33/17          36/17          11/34          45/34          3/2            89/136         
[0,0,0,0,2,0,0,0,2,0,0,0,0,0,0,0]     33/17          36/17          6/17           22/17          25/17          23/34          
[0,0,0,0,2,0,1,0,0,0,0,0,0,0,1,0]     33/17          36/17          11/34          45/34          3/2            89/136         
[0,0,0,0,2,0,1,0,0,0,0,0,1,0,0,0]     33/17          36/17          11/34          45/34          3/2            89/136         
[0,0,0,0,2,0,1,0,0,0,1,0,0,0,0,0]     33/17          36/17          11/34          45/34          3/2            89/136         
[0,0,0,0,2,0,1,0,1,0,0,0,0,0,0,0]     33/17          36/17          11/34          45/34          3/2            89/136         
[0,0,0,0,2,0,2,0,0,0,0,0,0,0,0,0]     33/17          36/17          6/17           22/17          25/17          23/34          
[0,0,0,1,0,0,0,0,0,0,0,0,0,0,0,0]     16/17          33/17          2/17           9/17           26/17          1/4            
[0,0,0,1,0,0,0,0,0,0,0,0,0,0,0,1]     33/17          33/17          4/17           24/17          24/17          10/17          
[0,0,0,1,0,0,0,0,0,0,0,0,0,1,0,0]     33/17          33/17          4/17           24/17          24/17          10/17          
[0,0,0,1,0,0,0,0,0,0,0,0,1,0,1,0]     33/17          33/17          9/34           47/34          47/34          83/136         
[0,0,0,1,0,0,0,0,0,0,0,1,0,0,0,0]     33/17          33/17          4/17           24/17          24/17          10/17          
[0,0,0,1,0,0,0,0,0,0,1,0,0,0,1,0]     33/17          33/17          9/34           47/34          47/34          83/136         
[0,0,0,1,0,0,0,0,0,0,1,0,1,0,0,0]     33/17          33/17          9/34           47/34          47/34          83/136         
[0,0,0,1,0,0,0,0,0,1,0,0,0,0,0,0]     33/17          33/17          4/17           24/17          24/17          10/17          
[0,0,0,1,0,0,0,0,1,0,0,0,0,0,1,0]     33/17          33/17          9/34           47/34          47/34          83/136         
[0,0,0,1,0,0,0,0,1,0,0,0,1,0,0,0]     33/17          33/17          9/34           47/34          47/34          83/136         
[0,0,0,1,0,0,0,0,1,0,1,0,0,0,0,0]     33/17          33/17          9/34           47/34          47/34          83/136         
[0,0,0,1,0,0,0,1,0,0,0,0,0,0,0,0]     33/17          33/17          4/17           24/17          24/17          10/17          
[0,0,0,1,0,0,1,0,0,0,0,0,0,0,1,0]     33/17          33/17          9/34           47/34          47/34          83/136         
[0,0,0,1,0,0,1,0,0,0,0,0,1,0,0,0]     33/17          33/17          9/34           47/34          47/34          83/136         
[0,0,0,1,0,0,1,0,0,0,1,0,0,0,0,0]     33/17          33/17          9/34           47/34          47/34          83/136         
[0,0,0,1,0,0,1,0,1,0,0,0,0,0,0,0]     33/17          33/17          9/34           47/34          47/34          83/136         
[0,0,0,1,0,1,0,0,0,0,0,0,0,0,0,0]     33/17          33/17          4/17           24/17          24/17          10/17          
[0,0,0,1,1,0,0,0,0,0,0,0,0,0,1,0]     33/17          33/17          9/34           47/34          47/34          83/136         
[0,0,0,1,1,0,0,0,0,0,0,0,1,0,0,0]     33/17          33/17          9/34           47/34          47/34          83/136         
[0,0,0,1,1,0,0,0,0,0,1,0,0,0,0,0]     33/17          33/17          9/34           47/34          47/34          83/136         
[0,0,0,1,1,0,0,0,1,0,0,0,0,0,0,0]     33/17          33/17          9/34           47/34          47/34          83/136         
[0,0,0,1,1,0,1,0,0,0,0,0,0,0,0,0]     33/17          33/17          9/34           47/34          47/34          83/136         
[0,0,1,0,0,0,0,0,0,0,0,0,0,0,1,0]     16/17          33/17          5/34           1/2            3/2            37/136         
[0,0,1,0,0,0,0,0,0,0,0,0,0,1,1,0]     33/17          33/17          9/34           47/34          47/34          83/136         
[0,0,1,0,0,0,0,0,0,0,0,0,1,0,0,0]     16/17          33/17          5/34           1/2            3/2            37/136         
[0,0,1,0,0,0,0,0,0,0,0,0,1,0,0,1]     33/17          33/17          9/34           47/34          47/34          83/136         
[0,0,1,0,0,0,0,0,0,0,0,0,1,0,2,0]     33/17          36/17          11/34          45/34          3/2            89/136         
[0,0,1,0,0,0,0,0,0,0,0,0,2,0,1,0]     33/17          36/17          11/34          45/34          3/2            89/136         
[0,0,1,0,0,0,0,0,0,0,0,1,0,0,1,0]     33/17          33/17          9/34           47/34          47/34          83/136         
[0,0,1,0,0,0,0,0,0,0,0,1,1,0,0,0]     33/17          33/17          9/34           47/34          47/34          83/136         
[0,0,1,0,0,0,0,0,0,0,1,0,0,0,0,0]     16/17          33/17          5/34           1/2            3/2            37/136         
[0,0,1,0,0,0,0,0,0,0,1,0,0,0,0,1]     33/17          33/17          9/34           47/34          47/34          83/136         
[0,0,1,0,0,0,0,0,0,0,1,0,0,0,2,0]     33/17          36/17          11/34          45/34          3/2            89/136         
[0,0,1,0,0,0,0,0,0,0,1,0,0,1,0,0]     33/17          33/17          9/34           47/34          47/34          83/136         
[0,0,1,0,0,0,0,0,0,0,1,0,1,0,1,0]     33/17          36/17          5/17           23/17          26/17          43/68          
[0,0,1,0,0,0,0,0,0,0,1,0,2,0,0,0]     33/17          36/17          11/34          45/34          3/2            89/136         
[0,0,1,0,0,0,0,0,0,0,2,0,0,0,1,0]     33/17          36/17          11/34          45/34          3/2            89/136         
[0,0,1,0,0,0,0,0,0,0,2,0,1,0,0,0]     33/17          36/17          11/34          45/34          3/2            89/136         
[0,0,1,0,0,0,0,0,0,1,0,0,0,0,1,0]     33/17          33/17          9/34           47/34          47/34          83/136         
[0,0,1,0,0,0,0,0,0,1,0,0,1,0,0,0]     33/17          33/17          9/34           47/34          47/34          83/136         
[0,0,1,0,0,0,0,0,0,1,1,0,0,0,0,0]     33/17          33/17          9/34           47/34          47/34          83/136         
[0,0,1,0,0,0,0,0,1,0,0,0,0,0,0,0]     16/17          33/17          5/34           1/2            3/2            37/136         
[0,0,1,0,0,0,0,0,1,0,0,0,0,0,0,1]     33/17          33/17          9/34           47/34          47/34          83/136         
[0,0,1,0,0,0,0,0,1,0,0,0,0,0,2,0]     33/17          36/17          11/34          45/34          3/2            89/136         
[0,0,1,0,0,0,0,0,1,0,0,0,0,1,0,0]     33/17          33/17          9/34           47/34          47/34          83/136         
[0,0,1,0,0,0,0,0,1,0,0,0,1,0,1,0]     33/17          36/17          5/17           23/17          26/17          43/68          
[0,0,1,0,0,0,0,0,1,0,0,0,2,0,0,0]     33/17          36/17          11/34          45/34          3/2            89/136         
[0,0,1,0,0,0,0,0,1,0,0,1,0,0,0,0]     33/17          33/17          9/34           47/34          47/34          83/136         
[0,0,1,0,0,0,0,0,1,0,1,0,0,0,1,0]     33/17          36/17          5/17           23/17          26/17          43/68          
[0,0,1,0,0,0,0,0,1,0,1,0,1,0,0,0]     33/17          36/17          5/17           23/17          26/17          43/68          
[0,0,1,0,0,0,0,0,1,0,2,0,0,0,0,0]     33/17          36/17          11/34          45/34          3/2            89/136         
[0,0,1,0,0,0,0,0,2,0,0,0,0,0,1,0]     33/17          36/17          11/34          45/34          3/2            89/136         
[0,0,1,0,0,0,0,0,2,0,0,0,1,0,0,0]     33/17          36/17          11/34          45/34          3/2            89/136         
[0,0,1,0,0,0,0,0,2,0,1,0,0,0,0,0]     33/17          36/17          11/34          45/34          3/2            89/136         
[0,0,1,0,0,0,0,1,0,0,0,0,0,0,1,0]     33/17          33/17          9/34           47/34          47/34          83/136         
[0,0,1,0,0,0,0,1,0,0,0,0,1,0,0,0]     33/17          33/17          9/34           47/34          47/34          83/136         
[0,0,1,0,0,0,0,1,0,0,1,0,0,0,0,0]     33/17          33/17          9/34           47/34          47/34          83/136         
[0,0,1,0,0,0,0,1,1,0,0,0,0,0,0,0]     33/17          33/17          9/34           47/34          47/34          83/136         
[0,0,1,0,0,0,1,0,0,0,0,0,0,0,0,0]     16/17          33/17          5/34           1/2            3/2            37/136         
[0,0,1,0,0,0,1,0,0,0,0,0,0,0,0,1]     33/17          33/17          9/34           47/34          47/34          83/136         
[0,0,1,0,0,0,1,0,0,0,0,0,0,0,2,0]     33/17          36/17          11/34          45/34          3/2            89/136         
[0,0,1,0,0,0,1,0,0,0,0,0,0,1,0,0]     33/17          33/17          9/34           47/34          47/34          83/136         
[0,0,1,0,0,0,1,0,0,0,0,0,1,0,1,0]     33/17          36/17          5/17           23/17          26/17          43/68          
[0,0,1,0,0,0,1,0,0,0,0,0,2,0,0,0]     33/17          36/17          11/34          45/34          3/2            89/136         
[0,0,1,0,0,0,1,0,0,0,0,1,0,0,0,0]     33/17          33/17          9/34           47/34          47/34          83/136         
[0,0,1,0,0,0,1,0,0,0,1,0,0,0,1,0]     33/17          36/17          5/17           23/17          26/17          43/68          
[0,0,1,0,0,0,1,0,0,0,1,0,1,0,0,0]     33/17          36/17          5/17           23/17          26/17          43/68          
[0,0,1,0,0,0,1,0,0,0,2,0,0,0,0,0]     33/17          36/17          11/34          45/34          3/2            89/136         
[0,0,1,0,0,0,1,0,0,1,0,0,0,0,0,0]     33/17          33/17          9/34           47/34          47/34          83/136         
[0,0,1,0,0,0,1,0,1,0,0,0,0,0,1,0]     33/17          36/17          5/17           23/17          26/17          43/68          
[0,0,1,0,0,0,1,0,1,0,0,0,1,0,0,0]     33/17          36/17          5/17           23/17          26/17          43/68          
[0,0,1,0,0,0,1,0,1,0,1,0,0,0,0,0]     33/17          36/17          5/17           23/17          26/17          43/68          
[0,0,1,0,0,0,1,0,2,0,0,0,0,0,0,0]     33/17          36/17          11/34          45/34          3/2            89/136         
[0,0,1,0,0,0,2,0,0,0,0,0,0,0,1,0]     33/17          36/17          11/34          45/34          3/2            89/136         
[0,0,1,0,0,0,2,0,0,0,0,0,1,0,0,0]     33/17          36/17          11/34          45/34          3/2            89/136         
[0,0,1,0,0,0,2,0,0,0,1,0,0,0,0,0]     33/17          36/17          11/34          45/34          3/2            89/136         
[0,0,1,0,0,0,2,0,1,0,0,0,0,0,0,0]     33/17          36/17          11/34          45/34          3/2            89/136         
[0,0,1,0,0,1,0,0,0,0,0,0,0,0,1,0]     33/17          33/17          9/34           47/34          47/34          83/136         
[0,0,1,0,0,1,0,0,0,0,0,0,1,0,0,0]     33/17          33/17          9/34           47/34          47/34          83/136         
[0,0,1,0,0,1,0,0,0,0,1,0,0,0,0,0]     33/17          33/17          9/34           47/34          47/34          83/136         
[0,0,1,0,0,1,0,0,1,0,0,0,0,0,0,0]     33/17          33/17          9/34           47/34          47/34          83/136         
[0,0,1,0,0,1,1,0,0,0,0,0,0,0,0,0]     33/17          33/17          9/34           47/34          47/34          83/136         
[0,0,1,0,1,0,0,0,0,0,0,0,0,0,0,0]     16/17          33/17          5/34           1/2            3/2            37/136         
[0,0,1,0,1,0,0,0,0,0,0,0,0,0,0,1]     33/17          33/17          9/34           47/34          47/34          83/136         
[0,0,1,0,1,0,0,0,0,0,0,0,0,0,2,0]     33/17          36/17          11/34          45/34          3/2            89/136         
[0,0,1,0,1,0,0,0,0,0,0,0,0,1,0,0]     33/17          33/17          9/34           47/34          47/34          83/136         
[0,0,1,0,1,0,0,0,0,0,0,0,1,0,1,0]     33/17          36/17          5/17           23/17          26/17          43/68          
[0,0,1,0,1,0,0,0,0,0,0,0,2,0,0,0]     33/17          36/17          11/34          45/34          3/2            89/136         
[0,0,1,0,1,0,0,0,0,0,0,1,0,0,0,0]     33/17          33/17          9/34           47/34          47/34          83/136         
[0,0,1,0,1,0,0,0,0,0,1,0,0,0,1,0]     33/17          36/17          5/17           23/17          26/17          43/68          
[0,0,1,0,1,0,0,0,0,0,1,0,1,0,0,0]     33/17          36/17          5/17           23/17          26/17          43/68          
[0,0,1,0,1,0,0,0,0,0,2,0,0,0,0,0]     33/17          36/17          11/34          45/34          3/2            89/136         
[0,0,1,0,1,0,0,0,0,1,0,0,0,0,0,0]     33/17          33/17          9/34           47/34          47/34          83/136         
[0,0,1,0,1,0,0,0,1,0,0,0,0,0,1,0]     33/17          36/17          5/17           23/17          26/17          43/68          
[0,0,1,0,1,0,0,0,1,0,0,0,1,0,0,0]     33/17          36/17          5/17           23/17          26/17          43/68          
[0,0,1,0,1,0,0,0,1,0,1,0,0,0,0,0]     33/17          36/17          5/17           23/17          26/17          43/68          
[0,0,1,0,1,0,0,0,2,0,0,0,0,0,0,0]     33/17          36/17          11/34          45/34          3/2            89/136         
[0,0,1,0,1,0,0,1,0,0,0,0,0,0,0,0]     33/17          33/17          9/34           47/34          47/34          83/136         
[0,0,1,0,1,0,1,0,0,0,0,0,0,0,1,0]     33/17          36/17          5/17           23/17          26/17          43/68          
[0,0,1,0,1,0,1,0,0,0,0,0,1,0,0,0]     33/17          36/17          5/17           23/17          26/17          43/68          
[0,0,1,0,1,0,1,0,0,0,1,0,0,0,0,0]     33/17          36/17          5/17           23/17          26/17          43/68          
[0,0,1,0,1,0,1,0,1,0,0,0,0,0,0,0]     33/17          36/17          5/17           23/17          26/17          43/68          
[0,0,1,0,1,0,2,0,0,0,0,0,0,0,0,0]     33/17          36/17          11/34          45/34          3/2            89/136         
[0,0,1,0,2,0,0,0,0,0,0,0,0,0,1,0]     33/17          36/17          11/34          45/34          3/2            89/136         
[0,0,1,0,2,0,0,0,0,0,0,0,1,0,0,0]     33/17          36/17          11/34          45/34          3/2            89/136         
[0,0,1,0,2,0,0,0,0,0,1,0,0,0,0,0]     33/17          36/17          11/34          45/34          3/2            89/136         
[0,0,1,0,2,0,0,0,1,0,0,0,0,0,0,0]     33/17          36/17          11/34          45/34          3/2            89/136         
[0,0,1,0,2,0,1,0,0,0,0,0,0,0,0,0]     33/17          36/17          11/34          45/34          3/2            89/136         
[0,0,2,0,0,0,0,0,0,0,0,0,0,0,2,0]     33/17          36/17          6/17           22/17          25/17          23/34          
[0,0,2,0,0,0,0,0,0,0,0,0,1,0,1,0]     33/17          36/17          11/34          45/34          3/2            89/136         
[0,0,2,0,0,0,0,0,0,0,0,0,2,0,0,0]     33/17          36/17          6/17           22/17          25/17          23/34          
[0,0,2,0,0,0,0,0,0,0,1,0,0,0,1,0]     33/17          36/17          11/34          45/34          3/2            89/136         
[0,0,2,0,0,0,0,0,0,0,1,0,1,0,0,0]     33/17          36/17          11/34          45/34          3/2            89/136         
[0,0,2,0,0,0,0,0,0,0,2,0,0,0,0,0]     33/17          36/17          6/17           22/17          25/17          23/34          
[0,0,2,0,0,0,0,0,1,0,0,0,0,0,1,0]     33/17          36/17          11/34          45/34          3/2            89/136         
[0,0,2,0,0,0,0,0,1,0,0,0,1,0,0,0]     33/17          36/17          11/34          45/34          3/2            89/136         
[0,0,2,0,0,0,0,0,1,0,1,0,0,0,0,0]     33/17          36/17          11/34          45/34          3/2            89/136         
[0,0,2,0,0,0,0,0,2,0,0,0,0,0,0,0]     33/17          36/17          6/17           22/17          25/17          23/34          
[0,0,2,0,0,0,1,0,0,0,0,0,0,0,1,0]     33/17          36/17          11/34          45/34          3/2            89/136         
[0,0,2,0,0,0,1,0,0,0,0,0,1,0,0,0]     33/17          36/17          11/34          45/34          3/2            89/136         
[0,0,2,0,0,0,1,0,0,0,1,0,0,0,0,0]     33/17          36/17          11/34          45/34          3/2            89/136         
[0,0,2,0,0,0,1,0,1,0,0,0,0,0,0,0]     33/17          36/17          11/34          45/34          3/2            89/136         
[0,0,2,0,0,0,2,0,0,0,0,0,0,0,0,0]     33/17          36/17          6/17           22/17          25/17          23/34          
[0,0,2,0,1,0,0,0,0,0,0,0,0,0,1,0]     33/17          36/17          11/34          45/34          3/2            89/136         
[0,0,2,0,1,0,0,0,0,0,0,0,1,0,0,0]     33/17          36/17          11/34          45/34          3/2            89/136         
[0,0,2,0,1,0,0,0,0,0,1,0,0,0,0,0]     33/17          36/17          11/34          45/34          3/2            89/136         
[0,0,2,0,1,0,0,0,1,0,0,0,0,0,0,0]     33/17          36/17          11/34          45/34          3/2            89/136         
[0,0,2,0,1,0,1,0,0,0,0,0,0,0,0,0]     33/17          36/17          11/34          45/34          3/2            89/136         
[0,0,2,0,2,0,0,0,0,0,0,0,0,0,0,0]     33/17          36/17          6/17           22/17          25/17          23/34          
[0,1,0,0,0,0,0,0,0,0,0,0,0,0,0,0]     16/17          33/17          2/17           9/17           26/17          1/4            
[0,1,0,0,0,0,0,0,0,0,0,0,0,0,0,1]     33/17          33/17          4/17           24/17          24/17          10/17          
[0,1,0,0,0,0,0,0,0,0,0,0,0,1,0,0]     33/17          33/17          4/17           24/17          24/17          10/17          
[0,1,0,0,0,0,0,0,0,0,0,0,1,0,1,0]     33/17          33/17          9/34           47/34          47/34          83/136         
[0,1,0,0,0,0,0,0,0,0,0,1,0,0,0,0]     33/17          33/17          4/17           24/17          24/17          10/17          
[0,1,0,0,0,0,0,0,0,0,1,0,0,0,1,0]     33/17          33/17          9/34           47/34          47/34          83/136         
[0,1,0,0,0,0,0,0,0,0,1,0,1,0,0,0]     33/17          33/17          9/34           47/34          47/34          83/136         
[0,1,0,0,0,0,0,0,0,1,0,0,0,0,0,0]     33/17          33/17          4/17           24/17          24/17          10/17          
[0,1,0,0,0,0,0,0,1,0,0,0,0,0,1,0]     33/17          33/17          9/34           47/34          47/34          83/136         
[0,1,0,0,0,0,0,0,1,0,0,0,1,0,0,0]     33/17          33/17          9/34           47/34          47/34          83/136         
[0,1,0,0,0,0,0,0,1,0,1,0,0,0,0,0]     33/17          33/17          9/34           47/34          47/34          83/136         
[0,1,0,0,0,0,0,1,0,0,0,0,0,0,0,0]     33/17          33/17          4/17           24/17          24/17          10/17          
[0,1,0,0,0,0,1,0,0,0,0,0,0,0,1,0]     33/17          33/17          9/34           47/34          47/34          83/136         
[0,1,0,0,0,0,1,0,0,0,0,0,1,0,0,0]     33/17          33/17          9/34           47/34          47/34          83/136         
[0,1,0,0,0,0,1,0,0,0,1,0,0,0,0,0]     33/17          33/17          9/34           47/34          47/34          83/136         
[0,1,0,0,0,0,1,0,1,0,0,0,0,0,0,0]     33/17          33/17          9/34           47/34          47/34          83/136         
[0,1,0,0,0,1,0,0,0,0,0,0,0,0,0,0]     33/17          33/17          4/17           24/17          24/17          10/17          
[0,1,0,0,1,0,0,0,0,0,0,0,0,0,1,0]     33/17          33/17          9/34           47/34          47/34          83/136         
[0,1,0,0,1,0,0,0,0,0,0,0,1,0,0,0]     33/17          33/17          9/34           47/34          47/34          83/136         
[0,1,0,0,1,0,0,0,0,0,1,0,0,0,0,0]     33/17          33/17          9/34           47/34          47/34          83/136         
[0,1,0,0,1,0,0,0,1,0,0,0,0,0,0,0]     33/17          33/17          9/34           47/34          47/34          83/136         
[0,1,0,0,1,0,1,0,0,0,0,0,0,0,0,0]     33/17          33/17          9/34           47/34          47/34          83/136         
[0,1,0,1,0,0,0,0,0,0,0,0,0,0,0,0]     33/17          33/17          4/17           24/17          24/17          10/17          
[0,1,1,0,0,0,0,0,0,0,0,0,0,0,1,0]     33/17          33/17          9/34           47/34          47/34          83/136         
[0,1,1,0,0,0,0,0,0,0,0,0,1,0,0,0]     33/17          33/17          9/34           47/34          47/34          83/136         
[0,1,1,0,0,0,0,0,0,0,1,0,0,0,0,0]     33/17          33/17          9/34           47/34          47/34          83/136         
[0,1,1,0,0,0,0,0,1,0,0,0,0,0,0,0]     33/17          33/17          9/34           47/34          47/34          83/136         
[0,1,1,0,0,0,1,0,0,0,0,0,0,0,0,0]     33/17          33/17          9/34           47/34          47/34          83/136         
[0,1,1,0,1,0,0,0,0,0,0,0,0,0,0,0]     33/17          33/17          9/34           47/34          47/34          83/136         
[1,0,0,0,0,0,0,0,0,0,0,0,0,0,1,0]     16/17          33/17          5/34           1/2            3/2            37/136         
[1,0,0,0,0,0,0,0,0,0,0,0,0,1,1,0]     33/17          33/17          9/34           47/34          47/34          83/136         
[1,0,0,0,0,0,0,0,0,0,0,0,1,0,0,0]     16/17          33/17          5/34           1/2            3/2            37/136         
[1,0,0,0,0,0,0,0,0,0,0,0,1,0,0,1]     33/17          33/17          9/34           47/34          47/34          83/136         
[1,0,0,0,0,0,0,0,0,0,0,0,1,0,2,0]     33/17          36/17          11/34          45/34          3/2            89/136         
[1,0,0,0,0,0,0,0,0,0,0,0,2,0,1,0]     33/17          36/17          11/34          45/34          3/2            89/136         
[1,0,0,0,0,0,0,0,0,0,0,1,0,0,1,0]     33/17          33/17          9/34           47/34          47/34          83/136         
[1,0,0,0,0,0,0,0,0,0,0,1,1,0,0,0]     33/17          33/17          9/34           47/34          47/34          83/136         
[1,0,0,0,0,0,0,0,0,0,1,0,0,0,0,0]     16/17          33/17          5/34           1/2            3/2            37/136         
[1,0,0,0,0,0,0,0,0,0,1,0,0,0,0,1]     33/17          33/17          9/34           47/34          47/34          83/136         
[1,0,0,0,0,0,0,0,0,0,1,0,0,0,2,0]     33/17          36/17          11/34          45/34          3/2            89/136         
[1,0,0,0,0,0,0,0,0,0,1,0,0,1,0,0]     33/17          33/17          9/34           47/34          47/34          83/136         
[1,0,0,0,0,0,0,0,0,0,1,0,1,0,1,0]     33/17          36/17          5/17           23/17          26/17          43/68          
[1,0,0,0,0,0,0,0,0,0,1,0,2,0,0,0]     33/17          36/17          11/34          45/34          3/2            89/136         
[1,0,0,0,0,0,0,0,0,0,2,0,0,0,1,0]     33/17          36/17          11/34          45/34          3/2            89/136         
[1,0,0,0,0,0,0,0,0,0,2,0,1,0,0,0]     33/17          36/17          11/34          45/34          3/2            89/136         
[1,0,0,0,0,0,0,0,0,1,0,0,0,0,1,0]     33/17          33/17          9/34           47/34          47/34          83/136         
[1,0,0,0,0,0,0,0,0,1,0,0,1,0,0,0]     33/17          33/17          9/34           47/34          47/34          83/136         
[1,0,0,0,0,0,0,0,0,1,1,0,0,0,0,0]     33/17          33/17          9/34           47/34          47/34          83/136         
[1,0,0,0,0,0,0,0,1,0,0,0,0,0,0,0]     16/17          33/17          5/34           1/2            3/2            37/136         
[1,0,0,0,0,0,0,0,1,0,0,0,0,0,0,1]     33/17          33/17          9/34           47/34          47/34          83/136         
[1,0,0,0,0,0,0,0,1,0,0,0,0,0,2,0]     33/17          36/17          11/34          45/34          3/2            89/136         
[1,0,0,0,0,0,0,0,1,0,0,0,0,1,0,0]     33/17          33/17          9/34           47/34          47/34          83/136         
[1,0,0,0,0,0,0,0,1,0,0,0,1,0,1,0]     33/17          36/17          5/17           23/17          26/17          43/68          
[1,0,0,0,0,0,0,0,1,0,0,0,2,0,0,0]     33/17          36/17          11/34          45/34          3/2            89/136         
[1,0,0,0,0,0,0,0,1,0,0,1,0,0,0,0]     33/17          33/17          9/34           47/34          47/34          83/136         
[1,0,0,0,0,0,0,0,1,0,1,0,0,0,1,0]     33/17          36/17          5/17           23/17          26/17          43/68          
[1,0,0,0,0,0,0,0,1,0,1,0,1,0,0,0]     33/17          36/17          5/17           23/17          26/17          43/68          
[1,0,0,0,0,0,0,0,1,0,2,0,0,0,0,0]     33/17          36/17          11/34          45/34          3/2            89/136         
[1,0,0,0,0,0,0,0,2,0,0,0,0,0,1,0]     33/17          36/17          11/34          45/34          3/2            89/136         
[1,0,0,0,0,0,0,0,2,0,0,0,1,0,0,0]     33/17          36/17          11/34          45/34          3/2            89/136         
[1,0,0,0,0,0,0,0,2,0,1,0,0,0,0,0]     33/17          36/17          11/34          45/34          3/2            89/136         
[1,0,0,0,0,0,0,1,0,0,0,0,0,0,1,0]     33/17          33/17          9/34           47/34          47/34          83/136         
[1,0,0,0,0,0,0,1,0,0,0,0,1,0,0,0]     33/17          33/17          9/34           47/34          47/34          83/136         
[1,0,0,0,0,0,0,1,0,0,1,0,0,0,0,0]     33/17          33/17          9/34           47/34          47/34          83/136         
[1,0,0,0,0,0,0,1,1,0,0,0,0,0,0,0]     33/17          33/17          9/34           47/34          47/34          83/136         
[1,0,0,0,0,0,1,0,0,0,0,0,0,0,0,0]     16/17          33/17          5/34           1/2            3/2            37/136         
[1,0,0,0,0,0,1,0,0,0,0,0,0,0,0,1]     33/17          33/17          9/34           47/34          47/34          83/136         
[1,0,0,0,0,0,1,0,0,0,0,0,0,0,2,0]     33/17          36/17          11/34          45/34          3/2            89/136         
[1,0,0,0,0,0,1,0,0,0,0,0,0,1,0,0]     33/17          33/17          9/34           47/34          47/34          83/136         
[1,0,0,0,0,0,1,0,0,0,0,0,1,0,1,0]     33/17          36/17          5/17           23/17          26/17          43/68          
[1,0,0,0,0,0,1,0,0,0,0,0,2,0,0,0]     33/17          36/17          11/34          45/34          3/2            89/136         
[1,0,0,0,0,0,1,0,0,0,0,1,0,0,0,0]     33/17          33/17          9/34           47/34          47/34          83/136         
[1,0,0,0,0,0,1,0,0,0,1,0,0,0,1,0]     33/17          36/17          5/17           23/17          26/17          43/68          
[1,0,0,0,0,0,1,0,0,0,1,0,1,0,0,0]     33/17          36/17          5/17           23/17          26/17          43/68          
[1,0,0,0,0,0,1,0,0,0,2,0,0,0,0,0]     33/17          36/17          11/34          45/34          3/2            89/136         
[1,0,0,0,0,0,1,0,0,1,0,0,0,0,0,0]     33/17          33/17          9/34           47/34          47/34          83/136         
[1,0,0,0,0,0,1,0,1,0,0,0,0,0,1,0]     33/17          36/17          5/17           23/17          26/17          43/68          
[1,0,0,0,0,0,1,0,1,0,0,0,1,0,0,0]     33/17          36/17          5/17           23/17          26/17          43/68          
[1,0,0,0,0,0,1,0,1,0,1,0,0,0,0,0]     33/17          36/17          5/17           23/17          26/17          43/68          
[1,0,0,0,0,0,1,0,2,0,0,0,0,0,0,0]     33/17          36/17          11/34          45/34          3/2            89/136         
[1,0,0,0,0,0,2,0,0,0,0,0,0,0,1,0]     33/17          36/17          11/34          45/34          3/2            89/136         
[1,0,0,0,0,0,2,0,0,0,0,0,1,0,0,0]     33/17          36/17          11/34          45/34          3/2            89/136         
[1,0,0,0,0,0,2,0,0,0,1,0,0,0,0,0]     33/17          36/17          11/34          45/34          3/2            89/136         
[1,0,0,0,0,0,2,0,1,0,0,0,0,0,0,0]     33/17          36/17          11/34          45/34          3/2            89/136         
[1,0,0,0,0,1,0,0,0,0,0,0,0,0,1,0]     33/17          33/17          9/34           47/34          47/34          83/136         
[1,0,0,0,0,1,0,0,0,0,0,0,1,0,0,0]     33/17          33/17          9/34           47/34          47/34          83/136         
[1,0,0,0,0,1,0,0,0,0,1,0,0,0,0,0]     33/17          33/17          9/34           47/34          47/34          83/136         
[1,0,0,0,0,1,0,0,1,0,0,0,0,0,0,0]     33/17          33/17          9/34           47/34          47/34          83/136         
[1,0,0,0,0,1,1,0,0,0,0,0,0,0,0,0]     33/17          33/17          9/34           47/34          47/34          83/136         
[1,0,0,0,1,0,0,0,0,0,0,0,0,0,0,0]     16/17          33/17          5/34           1/2            3/2            37/136         
[1,0,0,0,1,0,0,0,0,0,0,0,0,0,0,1]     33/17          33/17          9/34           47/34          47/34          83/136         
[1,0,0,0,1,0,0,0,0,0,0,0,0,0,2,0]     33/17          36/17          11/34          45/34          3/2            89/136         
[1,0,0,0,1,0,0,0,0,0,0,0,0,1,0,0]     33/17          33/17          9/34           47/34          47/34          83/136         
[1,0,0,0,1,0,0,0,0,0,0,0,1,0,1,0]     33/17          36/17          5/17           23/17          26/17          43/68          
[1,0,0,0,1,0,0,0,0,0,0,0,2,0,0,0]     33/17          36/17          11/34          45/34          3/2            89/136         
[1,0,0,0,1,0,0,0,0,0,0,1,0,0,0,0]     33/17          33/17          9/34           47/34          47/34          83/136         
[1,0,0,0,1,0,0,0,0,0,1,0,0,0,1,0]     33/17          36/17          5/17           23/17          26/17          43/68          
[1,0,0,0,1,0,0,0,0,0,1,0,1,0,0,0]     33/17          36/17          5/17           23/17          26/17          43/68          
[1,0,0,0,1,0,0,0,0,0,2,0,0,0,0,0]     33/17          36/17          11/34          45/34          3/2            89/136         
[1,0,0,0,1,0,0,0,0,1,0,0,0,0,0,0]     33/17          33/17          9/34           47/34          47/34          83/136         
[1,0,0,0,1,0,0,0,1,0,0,0,0,0,1,0]     33/17          36/17          5/17           23/17          26/17          43/68          
[1,0,0,0,1,0,0,0,1,0,0,0,1,0,0,0]     33/17          36/17          5/17           23/17          26/17          43/68          
[1,0,0,0,1,0,0,0,1,0,1,0,0,0,0,0]     33/17          36/17          5/17           23/17          26/17          43/68          
[1,0,0,0,1,0,0,0,2,0,0,0,0,0,0,0]     33/17          36/17          11/34          45/34          3/2            89/136         
[1,0,0,0,1,0,0,1,0,0,0,0,0,0,0,0]     33/17          33/17          9/34           47/34          47/34          83/136         
[1,0,0,0,1,0,1,0,0,0,0,0,0,0,1,0]     33/17          36/17          5/17           23/17          26/17          43/68          
[1,0,0,0,1,0,1,0,0,0,0,0,1,0,0,0]     33/17          36/17          5/17           23/17          26/17          43/68          
[1,0,0,0,1,0,1,0,0,0,1,0,0,0,0,0]     33/17          36/17          5/17           23/17          26/17          43/68          
[1,0,0,0,1,0,1,0,1,0,0,0,0,0,0,0]     33/17          36/17          5/17           23/17          26/17          43/68          
[1,0,0,0,1,0,2,0,0,0,0,0,0,0,0,0]     33/17          36/17          11/34          45/34          3/2            89/136         
[1,0,0,0,2,0,0,0,0,0,0,0,0,0,1,0]     33/17          36/17          11/34          45/34          3/2            89/136         
[1,0,0,0,2,0,0,0,0,0,0,0,1,0,0,0]     33/17          36/17          11/34          45/34          3/2            89/136         
[1,0,0,0,2,0,0,0,0,0,1,0,0,0,0,0]     33/17          36/17          11/34          45/34          3/2            89/136         
[1,0,0,0,2,0,0,0,1,0,0,0,0,0,0,0]     33/17          36/17          11/34          45/34          3/2            89/136         
[1,0,0,0,2,0,1,0,0,0,0,0,0,0,0,0]     33/17          36/17          11/34          45/34          3/2            89/136         
[1,0,0,1,0,0,0,0,0,0,0,0,0,0,1,0]     33/17          33/17          9/34           47/34          47/34          83/136         
[1,0,0,1,0,0,0,0,0,0,0,0,1,0,0,0]     33/17          33/17          9/34           47/34          47/34          83/136         
[1,0,0,1,0,0,0,0,0,0,1,0,0,0,0,0]     33/17          33/17          9/34           47/34          47/34          83/136         
[1,0,0,1,0,0,0,0,1,0,0,0,0,0,0,0]     33/17          33/17          9/34           47/34          47/34          83/136         
[1,0,0,1,0,0,1,0,0,0,0,0,0,0,0,0]     33/17          33/17          9/34           47/34          47/34          83/136         
[1,0,0,1,1,0,0,0,0,0,0,0,0,0,0,0]     33/17          33/17          9/34           47/34          47/34          83/136         
[1,0,1,0,0,0,0,0,0,0,0,0,0,0,0,0]     16/17          33/17          5/34           1/2            3/2            37/136         
[1,0,1,0,0,0,0,0,0,0,0,0,0,0,0,1]     33/17          33/17          9/34           47/34          47/34          83/136         
[1,0,1,0,0,0,0,0,0,0,0,0,0,0,2,0]     33/17          36/17          11/34          45/34          3/2            89/136         
[1,0,1,0,0,0,0,0,0,0,0,0,0,1,0,0]     33/17          33/17          9/34           47/34          47/34          83/136         
[1,0,1,0,0,0,0,0,0,0,0,0,1,0,1,0]     33/17          36/17          5/17           23/17          26/17          43/68          
[1,0,1,0,0,0,0,0,0,0,0,0,2,0,0,0]     33/17          36/17          11/34          45/34          3/2            89/136         
[1,0,1,0,0,0,0,0,0,0,0,1,0,0,0,0]     33/17          33/17          9/34           47/34          47/34          83/136         
[1,0,1,0,0,0,0,0,0,0,1,0,0,0,1,0]     33/17          36/17          5/17           23/17          26/17          43/68          
[1,0,1,0,0,0,0,0,0,0,1,0,1,0,0,0]     33/17          36/17          5/17           23/17          26/17          43/68          
[1,0,1,0,0,0,0,0,0,0,2,0,0,0,0,0]     33/17          36/17          11/34          45/34          3/2            89/136         
[1,0,1,0,0,0,0,0,0,1,0,0,0,0,0,0]     33/17          33/17          9/34           47/34          47/34          83/136         
[1,0,1,0,0,0,0,0,1,0,0,0,0,0,1,0]     33/17          36/17          5/17           23/17          26/17          43/68          
[1,0,1,0,0,0,0,0,1,0,0,0,1,0,0,0]     33/17          36/17          5/17           23/17          26/17          43/68          
[1,0,1,0,0,0,0,0,1,0,1,0,0,0,0,0]     33/17          36/17          5/17           23/17          26/17          43/68          
[1,0,1,0,0,0,0,0,2,0,0,0,0,0,0,0]     33/17          36/17          11/34          45/34          3/2            89/136         
[1,0,1,0,0,0,0,1,0,0,0,0,0,0,0,0]     33/17          33/17          9/34           47/34          47/34          83/136         
[1,0,1,0,0,0,1,0,0,0,0,0,0,0,1,0]     33/17          36/17          5/17           23/17          26/17          43/68          
[1,0,1,0,0,0,1,0,0,0,0,0,1,0,0,0]     33/17          36/17          5/17           23/17          26/17          43/68          
[1,0,1,0,0,0,1,0,0,0,1,0,0,0,0,0]     33/17          36/17          5/17           23/17          26/17          43/68          
[1,0,1,0,0,0,1,0,1,0,0,0,0,0,0,0]     33/17          36/17          5/17           23/17          26/17          43/68          
[1,0,1,0,0,0,2,0,0,0,0,0,0,0,0,0]     33/17          36/17          11/34          45/34          3/2            89/136         
[1,0,1,0,0,1,0,0,0,0,0,0,0,0,0,0]     33/17          33/17          9/34           47/34          47/34          83/136         
[1,0,1,0,1,0,0,0,0,0,0,0,0,0,1,0]     33/17          36/17          5/17           23/17          26/17          43/68          
[1,0,1,0,1,0,0,0,0,0,0,0,1,0,0,0]     33/17          36/17          5/17           23/17          26/17          43/68          
[1,0,1,0,1,0,0,0,0,0,1,0,0,0,0,0]     33/17          36/17          5/17           23/17          26/17          43/68          
[1,0,1,0,1,0,0,0,1,0,0,0,0,0,0,0]     33/17          36/17          5/17           23/17          26/17          43/68          
[1,0,1,0,1,0,1,0,0,0,0,0,0,0,0,0]     33/17          36/17          5/17           23/17          26/17          43/68          
[1,0,1,0,2,0,0,0,0,0,0,0,0,0,0,0]     33/17          36/17          11/34          45/34          3/2            89/136         
[1,0,2,0,0,0,0,0,0,0,0,0,0,0,1,0]     33/17          36/17          11/34          45/34          3/2            89/136         
[1,0,2,0,0,0,0,0,0,0,0,0,1,0,0,0]     33/17          36/17          11/34          45/34          3/2            89/136         
[1,0,2,0,0,0,0,0,0,0,1,0,0,0,0,0]     33/17          36/17          11/34          45/34          3/2            89/136         
[1,0,2,0,0,0,0,0,1,0,0,0,0,0,0,0]     33/17          36/17          11/34          45/34          3/2            89/136         
[1,0,2,0,0,0,1,0,0,0,0,0,0,0,0,0]     33/17          36/17          11/34          45/34          3/2            89/136         
[1,0,2,0,1,0,0,0,0,0,0,0,0,0,0,0]     33/17          36/17          11/34          45/34          3/2            89/136         
[2,0,0,0,0,0,0,0,0,0,0,0,0,0,2,0]     33/17          36/17          6/17           22/17          25/17          23/34          
[2,0,0,0,0,0,0,0,0,0,0,0,1,0,1,0]     33/17          36/17          11/34          45/34          3/2            89/136         
[2,0,0,0,0,0,0,0,0,0,0,0,2,0,0,0]     33/17          36/17          6/17           22/17          25/17          23/34          
[2,0,0,0,0,0,0,0,0,0,1,0,0,0,1,0]     33/17          36/17          11/34          45/34          3/2            89/136         
[2,0,0,0,0,0,0,0,0,0,1,0,1,0,0,0]     33/17          36/17          11/34          45/34          3/2            89/136         
[2,0,0,0,0,0,0,0,0,0,2,0,0,0,0,0]     33/17          36/17          6/17           22/17          25/17          23/34          
[2,0,0,0,0,0,0,0,1,0,0,0,0,0,1,0]     33/17          36/17          11/34          45/34          3/2            89/136         
[2,0,0,0,0,0,0,0,1,0,0,0,1,0,0,0]     33/17          36/17          11/34          45/34          3/2            89/136         
[2,0,0,0,0,0,0,0,1,0,1,0,0,0,0,0]     33/17          36/17          11/34          45/34          3/2            89/136         
[2,0,0,0,0,0,0,0,2,0,0,0,0,0,0,0]     33/17          36/17          6/17           22/17          25/17          23/34          
[2,0,0,0,0,0,1,0,0,0,0,0,0,0,1,0]     33/17          36/17          11/34          45/34          3/2            89/136         
[2,0,0,0,0,0,1,0,0,0,0,0,1,0,0,0]     33/17          36/17          11/34          45/34          3/2            89/136         
[2,0,0,0,0,0,1,0,0,0,1,0,0,0,0,0]     33/17          36/17          11/34          45/34          3/2            89/136         
[2,0,0,0,0,0,1,0,1,0,0,0,0,0,0,0]     33/17          36/17          11/34          45/34          3/2            89/136         
[2,0,0,0,0,0,2,0,0,0,0,0,0,0,0,0]     33/17          36/17          6/17           22/17          25/17          23/34          
[2,0,0,0,1,0,0,0,0,0,0,0,0,0,1,0]     33/17          36/17          11/34          45/34          3/2            89/136         
[2,0,0,0,1,0,0,0,0,0,0,0,1,0,0,0]     33/17          36/17          11/34          45/34          3/2            89/136         
[2,0,0,0,1,0,0,0,0,0,1,0,0,0,0,0]     33/17          36/17          11/34          45/34          3/2            89/136         
[2,0,0,0,1,0,0,0,1,0,0,0,0,0,0,0]     33/17          36/17          11/34          45/34          3/2            89/136         
[2,0,0,0,1,0,1,0,0,0,0,0,0,0,0,0]     33/17          36/17          11/34          45/34          3/2            89/136         
[2,0,0,0,2,0,0,0,0,0,0,0,0,0,0,0]     33/17          36/17          6/17           22/17          25/17          23/34          
[2,0,1,0,0,0,0,0,0,0,0,0,0,0,1,0]     33/17          36/17          11/34          45/34          3/2            89/136         
[2,0,1,0,0,0,0,0,0,0,0,0,1,0,0,0]     33/17          36/17          11/34          45/34          3/2            89/136         
[2,0,1,0,0,0,0,0,0,0,1,0,0,0,0,0]     33/17          36/17          11/34          45/34          3/2            89/136         
[2,0,1,0,0,0,0,0,1,0,0,0,0,0,0,0]     33/17          36/17          11/34          45/34          3/2            89/136         
[2,0,1,0,0,0,1,0,0,0,0,0,0,0,0,0]     33/17          36/17          11/34          45/34          3/2            89/136         
[2,0,1,0,1,0,0,0,0,0,0,0,0,0,0,0]     33/17          36/17          11/34          45/34          3/2            89/136         
[2,0,2,0,0,0,0,0,0,0,0,0,0,0,0,0]     33/17          36/17          6/17           22/17          25/17          23/34          
q(R)>E is potentially violated on: [[0,0,0,0,0,0,0,0,0,0,0,0,0,0,0,0], [0,0,0,0,0,0,0,0,0,0,0,0,0,0,0,1], [0,0,0,0,0,0,0,0,0,0,0,0,0,1,0,0], [0,0,0,0,0,0,0,0,0,0,0,0,1,0,1,0], [0,0,0,0,0,0,0,0,0,0,0,1,0,0,0,0], [0,0,0,0,0,0,0,0,0,0,1,0,0,0,1,0], [0,0,0,0,0,0,0,0,0,0,1,0,1,0,0,0], [0,0,0,0,0,0,0,0,0,1,0,0,0,0,0,0], [0,0,0,0,0,0,0,0,1,0,0,0,0,0,1,0], [0,0,0,0,0,0,0,0,1,0,0,0,1,0,0,0], [0,0,0,0,0,0,0,0,1,0,1,0,0,0,0,0], [0,0,0,0,0,0,0,1,0,0,0,0,0,0,0,0], [0,0,0,0,0,0,1,0,0,0,0,0,0,0,1,0], [0,0,0,0,0,0,1,0,0,0,0,0,1,0,0,0], [0,0,0,0,0,0,1,0,0,0,1,0,0,0,0,0], [0,0,0,0,0,0,1,0,1,0,0,0,0,0,0,0], [0,0,0,0,0,1,0,0,0,0,0,0,0,0,0,0], [0,0,0,0,1,0,0,0,0,0,0,0,0,0,1,0], [0,0,0,0,1,0,0,0,0,0,0,0,1,0,0,0], [0,0,0,0,1,0,0,0,0,0,1,0,0,0,0,0], [0,0,0,0,1,0,0,0,1,0,0,0,0,0,0,0], [0,0,0,0,1,0,1,0,0,0,0,0,0,0,0,0], [0,0,0,1,0,0,0,0,0,0,0,0,0,0,0,0], [0,0,1,0,0,0,0,0,0,0,0,0,0,0,1,0], [0,0,1,0,0,0,0,0,0,0,0,0,1,0,0,0], [0,0,1,0,0,0,0,0,0,0,1,0,0,0,0,0], [0,0,1,0,0,0,0,0,1,0,0,0,0,0,0,0], [0,0,1,0,0,0,1,0,0,0,0,0,0,0,0,0], [0,0,1,0,1,0,0,0,0,0,0,0,0,0,0,0], [0,1,0,0,0,0,0,0,0,0,0,0,0,0,0,0], [1,0,0,0,0,0,0,0,0,0,0,0,0,0,1,0], [1,0,0,0,0,0,0,0,0,0,0,0,1,0,0,0], [1,0,0,0,0,0,0,0,0,0,1,0,0,0,0,0], [1,0,0,0,0,0,0,0,1,0,0,0,0,0,0,0], [1,0,0,0,0,0,1,0,0,0,0,0,0,0,0,0], [1,0,0,0,1,0,0,0,0,0,0,0,0,0,0,0], [1,0,1,0,0,0,0,0,0,0,0,0,0,0,0,0]]
Crude estimate: LL > 2E if CasG > 1/17*sqrt(385) + 83/68, approx. 2.3748
Scanning for 0 <= CasG <= C.
Fourier mode                          CasG           KT?            LL >=          LL >= 2E?      
0                                     0                             -3/17                         
1e_2                                  16/17                         33/68                         
2e_1                                  1                             21/34                         
1e_4                                  30/17                         89/68          >              
1e_1+1e_3                             32/17                         95/68          >              
2e_2                                  33/17                         97/68          >              
2e_1+1e_2                             2                             107/68         >              

Done!