====== Sym2LowerBounds (2023/01/26, 14:30) for G=C18, H=C6C6C6======

LiE isotropy representation:      1X[0,0,0,0,0,0,1,0,0,0,0,0,1,0,0,0,0,0] +
     1X[1,0,0,0,0,0,0,0,0,0,0,0,1,0,0,0,0,0] +
     1X[1,0,0,0,0,0,1,0,0,0,0,0,0,0,0,0,0,0]
Einstein constant: E=8/19
Isotype in Sym^2_0                        CasGMin        CasGMax        CasH           A*AMin         A*AMax         q(R)Min        
[0,0,0,0,0,0,0,0,0,0,0,0,0,0,0,0,0,0]     18/19          37/19          0              5/19           24/19          5/76           
[0,0,0,0,0,0,0,0,0,0,0,0,0,1,0,0,0,0]     18/19          37/19          6/19           -1/19          18/19          23/76          
[0,0,0,0,0,0,0,1,0,0,0,0,0,0,0,0,0,0]     18/19          37/19          6/19           -1/19          18/19          23/76          
[0,0,0,0,0,0,0,1,0,0,0,0,0,1,0,0,0,0]     37/19          37/19          12/19          12/19          12/19          15/19          
[0,0,0,0,0,0,1,0,0,0,0,0,1,0,0,0,0,0]     18/19          37/19          13/38          -3/38          35/38          49/152         
[0,0,0,0,0,0,2,0,0,0,0,0,2,0,0,0,0,0]     37/19          40/19          14/19          10/19          13/19          33/38          
[0,1,0,0,0,0,0,0,0,0,0,0,0,0,0,0,0,0]     18/19          37/19          6/19           -1/19          18/19          23/76          
[0,1,0,0,0,0,0,0,0,0,0,0,0,1,0,0,0,0]     37/19          37/19          12/19          12/19          12/19          15/19          
[0,1,0,0,0,0,0,1,0,0,0,0,0,0,0,0,0,0]     37/19          37/19          12/19          12/19          12/19          15/19          
[0,1,0,0,0,0,1,0,0,0,0,0,1,0,0,0,0,0]     37/19          37/19          25/38          23/38          23/38          123/152        
[1,0,0,0,0,0,0,0,0,0,0,0,1,0,0,0,0,0]     18/19          37/19          13/38          -3/38          35/38          49/152         
[1,0,0,0,0,0,0,1,0,0,0,0,1,0,0,0,0,0]     37/19          37/19          25/38          23/38          23/38          123/152        
[1,0,0,0,0,0,1,0,0,0,0,0,0,0,0,0,0,0]     18/19          37/19          13/38          -3/38          35/38          49/152         
[1,0,0,0,0,0,1,0,0,0,0,0,0,1,0,0,0,0]     37/19          37/19          25/38          23/38          23/38          123/152        
[1,0,0,0,0,0,1,0,0,0,0,0,2,0,0,0,0,0]     37/19          40/19          27/38          21/38          27/38          129/152        
[1,0,0,0,0,0,2,0,0,0,0,0,1,0,0,0,0,0]     37/19          40/19          27/38          21/38          27/38          129/152        
[2,0,0,0,0,0,0,0,0,0,0,0,2,0,0,0,0,0]     37/19          40/19          14/19          10/19          13/19          33/38          
[2,0,0,0,0,0,1,0,0,0,0,0,1,0,0,0,0,0]     37/19          40/19          27/38          21/38          27/38          129/152        
[2,0,0,0,0,0,2,0,0,0,0,0,0,0,0,0,0,0]     37/19          40/19          14/19          10/19          13/19          33/38          
q(R)>E is potentially violated on: [[0,0,0,0,0,0,0,0,0,0,0,0,0,0,0,0,0,0], [0,0,0,0,0,0,0,0,0,0,0,0,0,1,0,0,0,0], [0,0,0,0,0,0,0,1,0,0,0,0,0,0,0,0,0,0], [0,0,0,0,0,0,1,0,0,0,0,0,1,0,0,0,0,0], [0,1,0,0,0,0,0,0,0,0,0,0,0,0,0,0,0,0], [1,0,0,0,0,0,0,0,0,0,0,0,1,0,0,0,0,0], [1,0,0,0,0,0,1,0,0,0,0,0,0,0,0,0,0,0]]
Crude estimate: LL > 2E if CasG > 1/19*sqrt(546) + 115/76, approx. 2.7430
Scanning for 0 <= CasG <= C.
Fourier mode                              CasG           KT?            LL >=          LL >= 2E?      
0                                         0              !              -7/19                         
1e_2                                      18/19                         1/76                          
2e_1                                      1                             5/38                          
1e_4                                      34/19                         65/76          >              
1e_1+1e_3                                 36/19                         71/76          >              
2e_2                                      37/19                         73/76          >              
2e_1+1e_2                                 2                             83/76          >              
1e_6                                      48/19                         121/76         >              
1e_1+1e_5                                 51/19                         131/76         >              

Done!