====== Sym2LowerBounds (2023/01/26, 14:30) for G=C18, H=C2C2C2C2C2C2C2C2C2======

LiE isotropy representation:      1X[0,0,0,0,0,0,0,0,0,0,0,0,0,0,1,0,1,0] +
     1X[0,0,0,0,0,0,0,0,0,0,0,0,1,0,0,0,1,0] +
     1X[0,0,0,0,0,0,0,0,0,0,0,0,1,0,1,0,0,0] +
     1X[0,0,0,0,0,0,0,0,0,0,1,0,0,0,0,0,1,0] +
     1X[0,0,0,0,0,0,0,0,0,0,1,0,0,0,1,0,0,0] +
     1X[0,0,0,0,0,0,0,0,0,0,1,0,1,0,0,0,0,0] +
     1X[0,0,0,0,0,0,0,0,1,0,0,0,0,0,0,0,1,0] +
     1X[0,0,0,0,0,0,0,0,1,0,0,0,0,0,1,0,0,0] +
     1X[0,0,0,0,0,0,0,0,1,0,0,0,1,0,0,0,0,0] +
     1X[0,0,0,0,0,0,0,0,1,0,1,0,0,0,0,0,0,0] +
     1X[0,0,0,0,0,0,1,0,0,0,0,0,0,0,0,0,1,0] +
     1X[0,0,0,0,0,0,1,0,0,0,0,0,0,0,1,0,0,0] +
     1X[0,0,0,0,0,0,1,0,0,0,0,0,1,0,0,0,0,0] +
     1X[0,0,0,0,0,0,1,0,0,0,1,0,0,0,0,0,0,0] +
     1X[0,0,0,0,0,0,1,0,1,0,0,0,0,0,0,0,0,0] +
     1X[0,0,0,0,1,0,0,0,0,0,0,0,0,0,0,0,1,0] +
     1X[0,0,0,0,1,0,0,0,0,0,0,0,0,0,1,0,0,0] +
     1X[0,0,0,0,1,0,0,0,0,0,0,0,1,0,0,0,0,0] +
     1X[0,0,0,0,1,0,0,0,0,0,1,0,0,0,0,0,0,0] +
     1X[0,0,0,0,1,0,0,0,1,0,0,0,0,0,0,0,0,0] +
     1X[0,0,0,0,1,0,1,0,0,0,0,0,0,0,0,0,0,0] +
     1X[0,0,1,0,0,0,0,0,0,0,0,0,0,0,0,0,1,0] +
     1X[0,0,1,0,0,0,0,0,0,0,0,0,0,0,1,0,0,0] +
     1X[0,0,1,0,0,0,0,0,0,0,0,0,1,0,0,0,0,0] +
     1X[0,0,1,0,0,0,0,0,0,0,1,0,0,0,0,0,0,0] +
     1X[0,0,1,0,0,0,0,0,1,0,0,0,0,0,0,0,0,0] +
     1X[0,0,1,0,0,0,1,0,0,0,0,0,0,0,0,0,0,0] +
     1X[0,0,1,0,1,0,0,0,0,0,0,0,0,0,0,0,0,0] +
     1X[1,0,0,0,0,0,0,0,0,0,0,0,0,0,0,0,1,0] +
     1X[1,0,0,0,0,0,0,0,0,0,0,0,0,0,1,0,0,0] +
     1X[1,0,0,0,0,0,0,0,0,0,0,0,1,0,0,0,0,0] +
     1X[1,0,0,0,0,0,0,0,0,0,1,0,0,0,0,0,0,0] +
     1X[1,0,0,0,0,0,0,0,1,0,0,0,0,0,0,0,0,0] +
     1X[1,0,0,0,0,0,1,0,0,0,0,0,0,0,0,0,0,0] +
     1X[1,0,0,0,1,0,0,0,0,0,0,0,0,0,0,0,0,0] +
     1X[1,0,1,0,0,0,0,0,0,0,0,0,0,0,0,0,0,0]
Einstein constant: E=6/19
Isotype in Sym^2_0                        CasGMin        CasGMax        CasH           A*AMin         A*AMax         q(R)Min        
[0,0,0,0,0,0,0,0,0,0,0,0,0,0,0,0,0,0]     18/19          37/19          0              13/19          32/19          13/76          
[0,0,0,0,0,0,0,0,0,0,0,0,0,0,0,0,0,1]     18/19          37/19          2/19           11/19          30/19          1/4            
[0,0,0,0,0,0,0,0,0,0,0,0,0,0,0,1,0,0]     18/19          37/19          2/19           11/19          30/19          1/4            
[0,0,0,0,0,0,0,0,0,0,0,0,0,0,0,1,0,1]     37/19          37/19          4/19           28/19          28/19          11/19          
[0,0,0,0,0,0,0,0,0,0,0,0,0,0,1,0,1,0]     18/19          37/19          5/38           21/38          59/38          41/152         
[0,0,0,0,0,0,0,0,0,0,0,0,0,0,2,0,2,0]     37/19          40/19          6/19           26/19          29/19          25/38          
[0,0,0,0,0,0,0,0,0,0,0,0,0,1,0,0,0,0]     18/19          37/19          2/19           11/19          30/19          1/4            
[0,0,0,0,0,0,0,0,0,0,0,0,0,1,0,0,0,1]     37/19          37/19          4/19           28/19          28/19          11/19          
[0,0,0,0,0,0,0,0,0,0,0,0,0,1,0,1,0,0]     37/19          37/19          4/19           28/19          28/19          11/19          
[0,0,0,0,0,0,0,0,0,0,0,0,0,1,1,0,1,0]     37/19          37/19          9/38           55/38          55/38          91/152         
[0,0,0,0,0,0,0,0,0,0,0,0,1,0,0,0,1,0]     18/19          37/19          5/38           21/38          59/38          41/152         
[0,0,0,0,0,0,0,0,0,0,0,0,1,0,0,1,1,0]     37/19          37/19          9/38           55/38          55/38          91/152         
[0,0,0,0,0,0,0,0,0,0,0,0,1,0,1,0,0,0]     18/19          37/19          5/38           21/38          59/38          41/152         
[0,0,0,0,0,0,0,0,0,0,0,0,1,0,1,0,0,1]     37/19          37/19          9/38           55/38          55/38          91/152         
[0,0,0,0,0,0,0,0,0,0,0,0,1,0,1,0,2,0]     37/19          40/19          11/38          53/38          59/38          97/152         
[0,0,0,0,0,0,0,0,0,0,0,0,1,0,2,0,1,0]     37/19          40/19          11/38          53/38          59/38          97/152         
[0,0,0,0,0,0,0,0,0,0,0,0,2,0,0,0,2,0]     37/19          40/19          6/19           26/19          29/19          25/38          
[0,0,0,0,0,0,0,0,0,0,0,0,2,0,1,0,1,0]     37/19          40/19          11/38          53/38          59/38          97/152         
[0,0,0,0,0,0,0,0,0,0,0,0,2,0,2,0,0,0]     37/19          40/19          6/19           26/19          29/19          25/38          
[0,0,0,0,0,0,0,0,0,0,0,1,0,0,0,0,0,0]     18/19          37/19          2/19           11/19          30/19          1/4            
[0,0,0,0,0,0,0,0,0,0,0,1,0,0,0,0,0,1]     37/19          37/19          4/19           28/19          28/19          11/19          
[0,0,0,0,0,0,0,0,0,0,0,1,0,0,0,1,0,0]     37/19          37/19          4/19           28/19          28/19          11/19          
[0,0,0,0,0,0,0,0,0,0,0,1,0,0,1,0,1,0]     37/19          37/19          9/38           55/38          55/38          91/152         
[0,0,0,0,0,0,0,0,0,0,0,1,0,1,0,0,0,0]     37/19          37/19          4/19           28/19          28/19          11/19          
[0,0,0,0,0,0,0,0,0,0,0,1,1,0,0,0,1,0]     37/19          37/19          9/38           55/38          55/38          91/152         
[0,0,0,0,0,0,0,0,0,0,0,1,1,0,1,0,0,0]     37/19          37/19          9/38           55/38          55/38          91/152         
[0,0,0,0,0,0,0,0,0,0,1,0,0,0,0,0,1,0]     18/19          37/19          5/38           21/38          59/38          41/152         
[0,0,0,0,0,0,0,0,0,0,1,0,0,0,0,1,1,0]     37/19          37/19          9/38           55/38          55/38          91/152         
[0,0,0,0,0,0,0,0,0,0,1,0,0,0,1,0,0,0]     18/19          37/19          5/38           21/38          59/38          41/152         
[0,0,0,0,0,0,0,0,0,0,1,0,0,0,1,0,0,1]     37/19          37/19          9/38           55/38          55/38          91/152         
[0,0,0,0,0,0,0,0,0,0,1,0,0,0,1,0,2,0]     37/19          40/19          11/38          53/38          59/38          97/152         
[0,0,0,0,0,0,0,0,0,0,1,0,0,0,2,0,1,0]     37/19          40/19          11/38          53/38          59/38          97/152         
[0,0,0,0,0,0,0,0,0,0,1,0,0,1,0,0,1,0]     37/19          37/19          9/38           55/38          55/38          91/152         
[0,0,0,0,0,0,0,0,0,0,1,0,0,1,1,0,0,0]     37/19          37/19          9/38           55/38          55/38          91/152         
[0,0,0,0,0,0,0,0,0,0,1,0,1,0,0,0,0,0]     18/19          37/19          5/38           21/38          59/38          41/152         
[0,0,0,0,0,0,0,0,0,0,1,0,1,0,0,0,0,1]     37/19          37/19          9/38           55/38          55/38          91/152         
[0,0,0,0,0,0,0,0,0,0,1,0,1,0,0,0,2,0]     37/19          40/19          11/38          53/38          59/38          97/152         
[0,0,0,0,0,0,0,0,0,0,1,0,1,0,0,1,0,0]     37/19          37/19          9/38           55/38          55/38          91/152         
[0,0,0,0,0,0,0,0,0,0,1,0,1,0,1,0,1,0]     37/19          40/19          5/19           27/19          30/19          47/76          
[0,0,0,0,0,0,0,0,0,0,1,0,1,0,2,0,0,0]     37/19          40/19          11/38          53/38          59/38          97/152         
[0,0,0,0,0,0,0,0,0,0,1,0,2,0,0,0,1,0]     37/19          40/19          11/38          53/38          59/38          97/152         
[0,0,0,0,0,0,0,0,0,0,1,0,2,0,1,0,0,0]     37/19          40/19          11/38          53/38          59/38          97/152         
[0,0,0,0,0,0,0,0,0,0,2,0,0,0,0,0,2,0]     37/19          40/19          6/19           26/19          29/19          25/38          
[0,0,0,0,0,0,0,0,0,0,2,0,0,0,1,0,1,0]     37/19          40/19          11/38          53/38          59/38          97/152         
[0,0,0,0,0,0,0,0,0,0,2,0,0,0,2,0,0,0]     37/19          40/19          6/19           26/19          29/19          25/38          
[0,0,0,0,0,0,0,0,0,0,2,0,1,0,0,0,1,0]     37/19          40/19          11/38          53/38          59/38          97/152         
[0,0,0,0,0,0,0,0,0,0,2,0,1,0,1,0,0,0]     37/19          40/19          11/38          53/38          59/38          97/152         
[0,0,0,0,0,0,0,0,0,0,2,0,2,0,0,0,0,0]     37/19          40/19          6/19           26/19          29/19          25/38          
[0,0,0,0,0,0,0,0,0,1,0,0,0,0,0,0,0,0]     18/19          37/19          2/19           11/19          30/19          1/4            
[0,0,0,0,0,0,0,0,0,1,0,0,0,0,0,0,0,1]     37/19          37/19          4/19           28/19          28/19          11/19          
[0,0,0,0,0,0,0,0,0,1,0,0,0,0,0,1,0,0]     37/19          37/19          4/19           28/19          28/19          11/19          
[0,0,0,0,0,0,0,0,0,1,0,0,0,0,1,0,1,0]     37/19          37/19          9/38           55/38          55/38          91/152         
[0,0,0,0,0,0,0,0,0,1,0,0,0,1,0,0,0,0]     37/19          37/19          4/19           28/19          28/19          11/19          
[0,0,0,0,0,0,0,0,0,1,0,0,1,0,0,0,1,0]     37/19          37/19          9/38           55/38          55/38          91/152         
[0,0,0,0,0,0,0,0,0,1,0,0,1,0,1,0,0,0]     37/19          37/19          9/38           55/38          55/38          91/152         
[0,0,0,0,0,0,0,0,0,1,0,1,0,0,0,0,0,0]     37/19          37/19          4/19           28/19          28/19          11/19          
[0,0,0,0,0,0,0,0,0,1,1,0,0,0,0,0,1,0]     37/19          37/19          9/38           55/38          55/38          91/152         
[0,0,0,0,0,0,0,0,0,1,1,0,0,0,1,0,0,0]     37/19          37/19          9/38           55/38          55/38          91/152         
[0,0,0,0,0,0,0,0,0,1,1,0,1,0,0,0,0,0]     37/19          37/19          9/38           55/38          55/38          91/152         
[0,0,0,0,0,0,0,0,1,0,0,0,0,0,0,0,1,0]     18/19          37/19          5/38           21/38          59/38          41/152         
[0,0,0,0,0,0,0,0,1,0,0,0,0,0,0,1,1,0]     37/19          37/19          9/38           55/38          55/38          91/152         
[0,0,0,0,0,0,0,0,1,0,0,0,0,0,1,0,0,0]     18/19          37/19          5/38           21/38          59/38          41/152         
[0,0,0,0,0,0,0,0,1,0,0,0,0,0,1,0,0,1]     37/19          37/19          9/38           55/38          55/38          91/152         
[0,0,0,0,0,0,0,0,1,0,0,0,0,0,1,0,2,0]     37/19          40/19          11/38          53/38          59/38          97/152         
[0,0,0,0,0,0,0,0,1,0,0,0,0,0,2,0,1,0]     37/19          40/19          11/38          53/38          59/38          97/152         
[0,0,0,0,0,0,0,0,1,0,0,0,0,1,0,0,1,0]     37/19          37/19          9/38           55/38          55/38          91/152         
[0,0,0,0,0,0,0,0,1,0,0,0,0,1,1,0,0,0]     37/19          37/19          9/38           55/38          55/38          91/152         
[0,0,0,0,0,0,0,0,1,0,0,0,1,0,0,0,0,0]     18/19          37/19          5/38           21/38          59/38          41/152         
[0,0,0,0,0,0,0,0,1,0,0,0,1,0,0,0,0,1]     37/19          37/19          9/38           55/38          55/38          91/152         
[0,0,0,0,0,0,0,0,1,0,0,0,1,0,0,0,2,0]     37/19          40/19          11/38          53/38          59/38          97/152         
[0,0,0,0,0,0,0,0,1,0,0,0,1,0,0,1,0,0]     37/19          37/19          9/38           55/38          55/38          91/152         
[0,0,0,0,0,0,0,0,1,0,0,0,1,0,1,0,1,0]     37/19          40/19          5/19           27/19          30/19          47/76          
[0,0,0,0,0,0,0,0,1,0,0,0,1,0,2,0,0,0]     37/19          40/19          11/38          53/38          59/38          97/152         
[0,0,0,0,0,0,0,0,1,0,0,0,2,0,0,0,1,0]     37/19          40/19          11/38          53/38          59/38          97/152         
[0,0,0,0,0,0,0,0,1,0,0,0,2,0,1,0,0,0]     37/19          40/19          11/38          53/38          59/38          97/152         
[0,0,0,0,0,0,0,0,1,0,0,1,0,0,0,0,1,0]     37/19          37/19          9/38           55/38          55/38          91/152         
[0,0,0,0,0,0,0,0,1,0,0,1,0,0,1,0,0,0]     37/19          37/19          9/38           55/38          55/38          91/152         
[0,0,0,0,0,0,0,0,1,0,0,1,1,0,0,0,0,0]     37/19          37/19          9/38           55/38          55/38          91/152         
[0,0,0,0,0,0,0,0,1,0,1,0,0,0,0,0,0,0]     18/19          37/19          5/38           21/38          59/38          41/152         
[0,0,0,0,0,0,0,0,1,0,1,0,0,0,0,0,0,1]     37/19          37/19          9/38           55/38          55/38          91/152         
[0,0,0,0,0,0,0,0,1,0,1,0,0,0,0,0,2,0]     37/19          40/19          11/38          53/38          59/38          97/152         
[0,0,0,0,0,0,0,0,1,0,1,0,0,0,0,1,0,0]     37/19          37/19          9/38           55/38          55/38          91/152         
[0,0,0,0,0,0,0,0,1,0,1,0,0,0,1,0,1,0]     37/19          40/19          5/19           27/19          30/19          47/76          
[0,0,0,0,0,0,0,0,1,0,1,0,0,0,2,0,0,0]     37/19          40/19          11/38          53/38          59/38          97/152         
[0,0,0,0,0,0,0,0,1,0,1,0,0,1,0,0,0,0]     37/19          37/19          9/38           55/38          55/38          91/152         
[0,0,0,0,0,0,0,0,1,0,1,0,1,0,0,0,1,0]     37/19          40/19          5/19           27/19          30/19          47/76          
[0,0,0,0,0,0,0,0,1,0,1,0,1,0,1,0,0,0]     37/19          40/19          5/19           27/19          30/19          47/76          
[0,0,0,0,0,0,0,0,1,0,1,0,2,0,0,0,0,0]     37/19          40/19          11/38          53/38          59/38          97/152         
[0,0,0,0,0,0,0,0,1,0,2,0,0,0,0,0,1,0]     37/19          40/19          11/38          53/38          59/38          97/152         
[0,0,0,0,0,0,0,0,1,0,2,0,0,0,1,0,0,0]     37/19          40/19          11/38          53/38          59/38          97/152         
[0,0,0,0,0,0,0,0,1,0,2,0,1,0,0,0,0,0]     37/19          40/19          11/38          53/38          59/38          97/152         
[0,0,0,0,0,0,0,0,2,0,0,0,0,0,0,0,2,0]     37/19          40/19          6/19           26/19          29/19          25/38          
[0,0,0,0,0,0,0,0,2,0,0,0,0,0,1,0,1,0]     37/19          40/19          11/38          53/38          59/38          97/152         
[0,0,0,0,0,0,0,0,2,0,0,0,0,0,2,0,0,0]     37/19          40/19          6/19           26/19          29/19          25/38          
[0,0,0,0,0,0,0,0,2,0,0,0,1,0,0,0,1,0]     37/19          40/19          11/38          53/38          59/38          97/152         
[0,0,0,0,0,0,0,0,2,0,0,0,1,0,1,0,0,0]     37/19          40/19          11/38          53/38          59/38          97/152         
[0,0,0,0,0,0,0,0,2,0,0,0,2,0,0,0,0,0]     37/19          40/19          6/19           26/19          29/19          25/38          
[0,0,0,0,0,0,0,0,2,0,1,0,0,0,0,0,1,0]     37/19          40/19          11/38          53/38          59/38          97/152         
[0,0,0,0,0,0,0,0,2,0,1,0,0,0,1,0,0,0]     37/19          40/19          11/38          53/38          59/38          97/152         
[0,0,0,0,0,0,0,0,2,0,1,0,1,0,0,0,0,0]     37/19          40/19          11/38          53/38          59/38          97/152         
[0,0,0,0,0,0,0,0,2,0,2,0,0,0,0,0,0,0]     37/19          40/19          6/19           26/19          29/19          25/38          
[0,0,0,0,0,0,0,1,0,0,0,0,0,0,0,0,0,0]     18/19          37/19          2/19           11/19          30/19          1/4            
[0,0,0,0,0,0,0,1,0,0,0,0,0,0,0,0,0,1]     37/19          37/19          4/19           28/19          28/19          11/19          
[0,0,0,0,0,0,0,1,0,0,0,0,0,0,0,1,0,0]     37/19          37/19          4/19           28/19          28/19          11/19          
[0,0,0,0,0,0,0,1,0,0,0,0,0,0,1,0,1,0]     37/19          37/19          9/38           55/38          55/38          91/152         
[0,0,0,0,0,0,0,1,0,0,0,0,0,1,0,0,0,0]     37/19          37/19          4/19           28/19          28/19          11/19          
[0,0,0,0,0,0,0,1,0,0,0,0,1,0,0,0,1,0]     37/19          37/19          9/38           55/38          55/38          91/152         
[0,0,0,0,0,0,0,1,0,0,0,0,1,0,1,0,0,0]     37/19          37/19          9/38           55/38          55/38          91/152         
[0,0,0,0,0,0,0,1,0,0,0,1,0,0,0,0,0,0]     37/19          37/19          4/19           28/19          28/19          11/19          
[0,0,0,0,0,0,0,1,0,0,1,0,0,0,0,0,1,0]     37/19          37/19          9/38           55/38          55/38          91/152         
[0,0,0,0,0,0,0,1,0,0,1,0,0,0,1,0,0,0]     37/19          37/19          9/38           55/38          55/38          91/152         
[0,0,0,0,0,0,0,1,0,0,1,0,1,0,0,0,0,0]     37/19          37/19          9/38           55/38          55/38          91/152         
[0,0,0,0,0,0,0,1,0,1,0,0,0,0,0,0,0,0]     37/19          37/19          4/19           28/19          28/19          11/19          
[0,0,0,0,0,0,0,1,1,0,0,0,0,0,0,0,1,0]     37/19          37/19          9/38           55/38          55/38          91/152         
[0,0,0,0,0,0,0,1,1,0,0,0,0,0,1,0,0,0]     37/19          37/19          9/38           55/38          55/38          91/152         
[0,0,0,0,0,0,0,1,1,0,0,0,1,0,0,0,0,0]     37/19          37/19          9/38           55/38          55/38          91/152         
[0,0,0,0,0,0,0,1,1,0,1,0,0,0,0,0,0,0]     37/19          37/19          9/38           55/38          55/38          91/152         
[0,0,0,0,0,0,1,0,0,0,0,0,0,0,0,0,1,0]     18/19          37/19          5/38           21/38          59/38          41/152         
[0,0,0,0,0,0,1,0,0,0,0,0,0,0,0,1,1,0]     37/19          37/19          9/38           55/38          55/38          91/152         
[0,0,0,0,0,0,1,0,0,0,0,0,0,0,1,0,0,0]     18/19          37/19          5/38           21/38          59/38          41/152         
[0,0,0,0,0,0,1,0,0,0,0,0,0,0,1,0,0,1]     37/19          37/19          9/38           55/38          55/38          91/152         
[0,0,0,0,0,0,1,0,0,0,0,0,0,0,1,0,2,0]     37/19          40/19          11/38          53/38          59/38          97/152         
[0,0,0,0,0,0,1,0,0,0,0,0,0,0,2,0,1,0]     37/19          40/19          11/38          53/38          59/38          97/152         
[0,0,0,0,0,0,1,0,0,0,0,0,0,1,0,0,1,0]     37/19          37/19          9/38           55/38          55/38          91/152         
[0,0,0,0,0,0,1,0,0,0,0,0,0,1,1,0,0,0]     37/19          37/19          9/38           55/38          55/38          91/152         
[0,0,0,0,0,0,1,0,0,0,0,0,1,0,0,0,0,0]     18/19          37/19          5/38           21/38          59/38          41/152         
[0,0,0,0,0,0,1,0,0,0,0,0,1,0,0,0,0,1]     37/19          37/19          9/38           55/38          55/38          91/152         
[0,0,0,0,0,0,1,0,0,0,0,0,1,0,0,0,2,0]     37/19          40/19          11/38          53/38          59/38          97/152         
[0,0,0,0,0,0,1,0,0,0,0,0,1,0,0,1,0,0]     37/19          37/19          9/38           55/38          55/38          91/152         
[0,0,0,0,0,0,1,0,0,0,0,0,1,0,1,0,1,0]     37/19          40/19          5/19           27/19          30/19          47/76          
[0,0,0,0,0,0,1,0,0,0,0,0,1,0,2,0,0,0]     37/19          40/19          11/38          53/38          59/38          97/152         
[0,0,0,0,0,0,1,0,0,0,0,0,2,0,0,0,1,0]     37/19          40/19          11/38          53/38          59/38          97/152         
[0,0,0,0,0,0,1,0,0,0,0,0,2,0,1,0,0,0]     37/19          40/19          11/38          53/38          59/38          97/152         
[0,0,0,0,0,0,1,0,0,0,0,1,0,0,0,0,1,0]     37/19          37/19          9/38           55/38          55/38          91/152         
[0,0,0,0,0,0,1,0,0,0,0,1,0,0,1,0,0,0]     37/19          37/19          9/38           55/38          55/38          91/152         
[0,0,0,0,0,0,1,0,0,0,0,1,1,0,0,0,0,0]     37/19          37/19          9/38           55/38          55/38          91/152         
[0,0,0,0,0,0,1,0,0,0,1,0,0,0,0,0,0,0]     18/19          37/19          5/38           21/38          59/38          41/152         
[0,0,0,0,0,0,1,0,0,0,1,0,0,0,0,0,0,1]     37/19          37/19          9/38           55/38          55/38          91/152         
[0,0,0,0,0,0,1,0,0,0,1,0,0,0,0,0,2,0]     37/19          40/19          11/38          53/38          59/38          97/152         
[0,0,0,0,0,0,1,0,0,0,1,0,0,0,0,1,0,0]     37/19          37/19          9/38           55/38          55/38          91/152         
[0,0,0,0,0,0,1,0,0,0,1,0,0,0,1,0,1,0]     37/19          40/19          5/19           27/19          30/19          47/76          
[0,0,0,0,0,0,1,0,0,0,1,0,0,0,2,0,0,0]     37/19          40/19          11/38          53/38          59/38          97/152         
[0,0,0,0,0,0,1,0,0,0,1,0,0,1,0,0,0,0]     37/19          37/19          9/38           55/38          55/38          91/152         
[0,0,0,0,0,0,1,0,0,0,1,0,1,0,0,0,1,0]     37/19          40/19          5/19           27/19          30/19          47/76          
[0,0,0,0,0,0,1,0,0,0,1,0,1,0,1,0,0,0]     37/19          40/19          5/19           27/19          30/19          47/76          
[0,0,0,0,0,0,1,0,0,0,1,0,2,0,0,0,0,0]     37/19          40/19          11/38          53/38          59/38          97/152         
[0,0,0,0,0,0,1,0,0,0,2,0,0,0,0,0,1,0]     37/19          40/19          11/38          53/38          59/38          97/152         
[0,0,0,0,0,0,1,0,0,0,2,0,0,0,1,0,0,0]     37/19          40/19          11/38          53/38          59/38          97/152         
[0,0,0,0,0,0,1,0,0,0,2,0,1,0,0,0,0,0]     37/19          40/19          11/38          53/38          59/38          97/152         
[0,0,0,0,0,0,1,0,0,1,0,0,0,0,0,0,1,0]     37/19          37/19          9/38           55/38          55/38          91/152         
[0,0,0,0,0,0,1,0,0,1,0,0,0,0,1,0,0,0]     37/19          37/19          9/38           55/38          55/38          91/152         
[0,0,0,0,0,0,1,0,0,1,0,0,1,0,0,0,0,0]     37/19          37/19          9/38           55/38          55/38          91/152         
[0,0,0,0,0,0,1,0,0,1,1,0,0,0,0,0,0,0]     37/19          37/19          9/38           55/38          55/38          91/152         
[0,0,0,0,0,0,1,0,1,0,0,0,0,0,0,0,0,0]     18/19          37/19          5/38           21/38          59/38          41/152         
[0,0,0,0,0,0,1,0,1,0,0,0,0,0,0,0,0,1]     37/19          37/19          9/38           55/38          55/38          91/152         
[0,0,0,0,0,0,1,0,1,0,0,0,0,0,0,0,2,0]     37/19          40/19          11/38          53/38          59/38          97/152         
[0,0,0,0,0,0,1,0,1,0,0,0,0,0,0,1,0,0]     37/19          37/19          9/38           55/38          55/38          91/152         
[0,0,0,0,0,0,1,0,1,0,0,0,0,0,1,0,1,0]     37/19          40/19          5/19           27/19          30/19          47/76          
[0,0,0,0,0,0,1,0,1,0,0,0,0,0,2,0,0,0]     37/19          40/19          11/38          53/38          59/38          97/152         
[0,0,0,0,0,0,1,0,1,0,0,0,0,1,0,0,0,0]     37/19          37/19          9/38           55/38          55/38          91/152         
[0,0,0,0,0,0,1,0,1,0,0,0,1,0,0,0,1,0]     37/19          40/19          5/19           27/19          30/19          47/76          
[0,0,0,0,0,0,1,0,1,0,0,0,1,0,1,0,0,0]     37/19          40/19          5/19           27/19          30/19          47/76          
[0,0,0,0,0,0,1,0,1,0,0,0,2,0,0,0,0,0]     37/19          40/19          11/38          53/38          59/38          97/152         
[0,0,0,0,0,0,1,0,1,0,0,1,0,0,0,0,0,0]     37/19          37/19          9/38           55/38          55/38          91/152         
[0,0,0,0,0,0,1,0,1,0,1,0,0,0,0,0,1,0]     37/19          40/19          5/19           27/19          30/19          47/76          
[0,0,0,0,0,0,1,0,1,0,1,0,0,0,1,0,0,0]     37/19          40/19          5/19           27/19          30/19          47/76          
[0,0,0,0,0,0,1,0,1,0,1,0,1,0,0,0,0,0]     37/19          40/19          5/19           27/19          30/19          47/76          
[0,0,0,0,0,0,1,0,1,0,2,0,0,0,0,0,0,0]     37/19          40/19          11/38          53/38          59/38          97/152         
[0,0,0,0,0,0,1,0,2,0,0,0,0,0,0,0,1,0]     37/19          40/19          11/38          53/38          59/38          97/152         
[0,0,0,0,0,0,1,0,2,0,0,0,0,0,1,0,0,0]     37/19          40/19          11/38          53/38          59/38          97/152         
[0,0,0,0,0,0,1,0,2,0,0,0,1,0,0,0,0,0]     37/19          40/19          11/38          53/38          59/38          97/152         
[0,0,0,0,0,0,1,0,2,0,1,0,0,0,0,0,0,0]     37/19          40/19          11/38          53/38          59/38          97/152         
[0,0,0,0,0,0,2,0,0,0,0,0,0,0,0,0,2,0]     37/19          40/19          6/19           26/19          29/19          25/38          
[0,0,0,0,0,0,2,0,0,0,0,0,0,0,1,0,1,0]     37/19          40/19          11/38          53/38          59/38          97/152         
[0,0,0,0,0,0,2,0,0,0,0,0,0,0,2,0,0,0]     37/19          40/19          6/19           26/19          29/19          25/38          
[0,0,0,0,0,0,2,0,0,0,0,0,1,0,0,0,1,0]     37/19          40/19          11/38          53/38          59/38          97/152         
[0,0,0,0,0,0,2,0,0,0,0,0,1,0,1,0,0,0]     37/19          40/19          11/38          53/38          59/38          97/152         
[0,0,0,0,0,0,2,0,0,0,0,0,2,0,0,0,0,0]     37/19          40/19          6/19           26/19          29/19          25/38          
[0,0,0,0,0,0,2,0,0,0,1,0,0,0,0,0,1,0]     37/19          40/19          11/38          53/38          59/38          97/152         
[0,0,0,0,0,0,2,0,0,0,1,0,0,0,1,0,0,0]     37/19          40/19          11/38          53/38          59/38          97/152         
[0,0,0,0,0,0,2,0,0,0,1,0,1,0,0,0,0,0]     37/19          40/19          11/38          53/38          59/38          97/152         
[0,0,0,0,0,0,2,0,0,0,2,0,0,0,0,0,0,0]     37/19          40/19          6/19           26/19          29/19          25/38          
[0,0,0,0,0,0,2,0,1,0,0,0,0,0,0,0,1,0]     37/19          40/19          11/38          53/38          59/38          97/152         
[0,0,0,0,0,0,2,0,1,0,0,0,0,0,1,0,0,0]     37/19          40/19          11/38          53/38          59/38          97/152         
[0,0,0,0,0,0,2,0,1,0,0,0,1,0,0,0,0,0]     37/19          40/19          11/38          53/38          59/38          97/152         
[0,0,0,0,0,0,2,0,1,0,1,0,0,0,0,0,0,0]     37/19          40/19          11/38          53/38          59/38          97/152         
[0,0,0,0,0,0,2,0,2,0,0,0,0,0,0,0,0,0]     37/19          40/19          6/19           26/19          29/19          25/38          
[0,0,0,0,0,1,0,0,0,0,0,0,0,0,0,0,0,0]     18/19          37/19          2/19           11/19          30/19          1/4            
[0,0,0,0,0,1,0,0,0,0,0,0,0,0,0,0,0,1]     37/19          37/19          4/19           28/19          28/19          11/19          
[0,0,0,0,0,1,0,0,0,0,0,0,0,0,0,1,0,0]     37/19          37/19          4/19           28/19          28/19          11/19          
[0,0,0,0,0,1,0,0,0,0,0,0,0,0,1,0,1,0]     37/19          37/19          9/38           55/38          55/38          91/152         
[0,0,0,0,0,1,0,0,0,0,0,0,0,1,0,0,0,0]     37/19          37/19          4/19           28/19          28/19          11/19          
[0,0,0,0,0,1,0,0,0,0,0,0,1,0,0,0,1,0]     37/19          37/19          9/38           55/38          55/38          91/152         
[0,0,0,0,0,1,0,0,0,0,0,0,1,0,1,0,0,0]     37/19          37/19          9/38           55/38          55/38          91/152         
[0,0,0,0,0,1,0,0,0,0,0,1,0,0,0,0,0,0]     37/19          37/19          4/19           28/19          28/19          11/19          
[0,0,0,0,0,1,0,0,0,0,1,0,0,0,0,0,1,0]     37/19          37/19          9/38           55/38          55/38          91/152         
[0,0,0,0,0,1,0,0,0,0,1,0,0,0,1,0,0,0]     37/19          37/19          9/38           55/38          55/38          91/152         
[0,0,0,0,0,1,0,0,0,0,1,0,1,0,0,0,0,0]     37/19          37/19          9/38           55/38          55/38          91/152         
[0,0,0,0,0,1,0,0,0,1,0,0,0,0,0,0,0,0]     37/19          37/19          4/19           28/19          28/19          11/19          
[0,0,0,0,0,1,0,0,1,0,0,0,0,0,0,0,1,0]     37/19          37/19          9/38           55/38          55/38          91/152         
[0,0,0,0,0,1,0,0,1,0,0,0,0,0,1,0,0,0]     37/19          37/19          9/38           55/38          55/38          91/152         
[0,0,0,0,0,1,0,0,1,0,0,0,1,0,0,0,0,0]     37/19          37/19          9/38           55/38          55/38          91/152         
[0,0,0,0,0,1,0,0,1,0,1,0,0,0,0,0,0,0]     37/19          37/19          9/38           55/38          55/38          91/152         
[0,0,0,0,0,1,0,1,0,0,0,0,0,0,0,0,0,0]     37/19          37/19          4/19           28/19          28/19          11/19          
[0,0,0,0,0,1,1,0,0,0,0,0,0,0,0,0,1,0]     37/19          37/19          9/38           55/38          55/38          91/152         
[0,0,0,0,0,1,1,0,0,0,0,0,0,0,1,0,0,0]     37/19          37/19          9/38           55/38          55/38          91/152         
[0,0,0,0,0,1,1,0,0,0,0,0,1,0,0,0,0,0]     37/19          37/19          9/38           55/38          55/38          91/152         
[0,0,0,0,0,1,1,0,0,0,1,0,0,0,0,0,0,0]     37/19          37/19          9/38           55/38          55/38          91/152         
[0,0,0,0,0,1,1,0,1,0,0,0,0,0,0,0,0,0]     37/19          37/19          9/38           55/38          55/38          91/152         
[0,0,0,0,1,0,0,0,0,0,0,0,0,0,0,0,1,0]     18/19          37/19          5/38           21/38          59/38          41/152         
[0,0,0,0,1,0,0,0,0,0,0,0,0,0,0,1,1,0]     37/19          37/19          9/38           55/38          55/38          91/152         
[0,0,0,0,1,0,0,0,0,0,0,0,0,0,1,0,0,0]     18/19          37/19          5/38           21/38          59/38          41/152         
[0,0,0,0,1,0,0,0,0,0,0,0,0,0,1,0,0,1]     37/19          37/19          9/38           55/38          55/38          91/152         
[0,0,0,0,1,0,0,0,0,0,0,0,0,0,1,0,2,0]     37/19          40/19          11/38          53/38          59/38          97/152         
[0,0,0,0,1,0,0,0,0,0,0,0,0,0,2,0,1,0]     37/19          40/19          11/38          53/38          59/38          97/152         
[0,0,0,0,1,0,0,0,0,0,0,0,0,1,0,0,1,0]     37/19          37/19          9/38           55/38          55/38          91/152         
[0,0,0,0,1,0,0,0,0,0,0,0,0,1,1,0,0,0]     37/19          37/19          9/38           55/38          55/38          91/152         
[0,0,0,0,1,0,0,0,0,0,0,0,1,0,0,0,0,0]     18/19          37/19          5/38           21/38          59/38          41/152         
[0,0,0,0,1,0,0,0,0,0,0,0,1,0,0,0,0,1]     37/19          37/19          9/38           55/38          55/38          91/152         
[0,0,0,0,1,0,0,0,0,0,0,0,1,0,0,0,2,0]     37/19          40/19          11/38          53/38          59/38          97/152         
[0,0,0,0,1,0,0,0,0,0,0,0,1,0,0,1,0,0]     37/19          37/19          9/38           55/38          55/38          91/152         
[0,0,0,0,1,0,0,0,0,0,0,0,1,0,1,0,1,0]     37/19          40/19          5/19           27/19          30/19          47/76          
[0,0,0,0,1,0,0,0,0,0,0,0,1,0,2,0,0,0]     37/19          40/19          11/38          53/38          59/38          97/152         
[0,0,0,0,1,0,0,0,0,0,0,0,2,0,0,0,1,0]     37/19          40/19          11/38          53/38          59/38          97/152         
[0,0,0,0,1,0,0,0,0,0,0,0,2,0,1,0,0,0]     37/19          40/19          11/38          53/38          59/38          97/152         
[0,0,0,0,1,0,0,0,0,0,0,1,0,0,0,0,1,0]     37/19          37/19          9/38           55/38          55/38          91/152         
[0,0,0,0,1,0,0,0,0,0,0,1,0,0,1,0,0,0]     37/19          37/19          9/38           55/38          55/38          91/152         
[0,0,0,0,1,0,0,0,0,0,0,1,1,0,0,0,0,0]     37/19          37/19          9/38           55/38          55/38          91/152         
[0,0,0,0,1,0,0,0,0,0,1,0,0,0,0,0,0,0]     18/19          37/19          5/38           21/38          59/38          41/152         
[0,0,0,0,1,0,0,0,0,0,1,0,0,0,0,0,0,1]     37/19          37/19          9/38           55/38          55/38          91/152         
[0,0,0,0,1,0,0,0,0,0,1,0,0,0,0,0,2,0]     37/19          40/19          11/38          53/38          59/38          97/152         
[0,0,0,0,1,0,0,0,0,0,1,0,0,0,0,1,0,0]     37/19          37/19          9/38           55/38          55/38          91/152         
[0,0,0,0,1,0,0,0,0,0,1,0,0,0,1,0,1,0]     37/19          40/19          5/19           27/19          30/19          47/76          
[0,0,0,0,1,0,0,0,0,0,1,0,0,0,2,0,0,0]     37/19          40/19          11/38          53/38          59/38          97/152         
[0,0,0,0,1,0,0,0,0,0,1,0,0,1,0,0,0,0]     37/19          37/19          9/38           55/38          55/38          91/152         
[0,0,0,0,1,0,0,0,0,0,1,0,1,0,0,0,1,0]     37/19          40/19          5/19           27/19          30/19          47/76          
[0,0,0,0,1,0,0,0,0,0,1,0,1,0,1,0,0,0]     37/19          40/19          5/19           27/19          30/19          47/76          
[0,0,0,0,1,0,0,0,0,0,1,0,2,0,0,0,0,0]     37/19          40/19          11/38          53/38          59/38          97/152         
[0,0,0,0,1,0,0,0,0,0,2,0,0,0,0,0,1,0]     37/19          40/19          11/38          53/38          59/38          97/152         
[0,0,0,0,1,0,0,0,0,0,2,0,0,0,1,0,0,0]     37/19          40/19          11/38          53/38          59/38          97/152         
[0,0,0,0,1,0,0,0,0,0,2,0,1,0,0,0,0,0]     37/19          40/19          11/38          53/38          59/38          97/152         
[0,0,0,0,1,0,0,0,0,1,0,0,0,0,0,0,1,0]     37/19          37/19          9/38           55/38          55/38          91/152         
[0,0,0,0,1,0,0,0,0,1,0,0,0,0,1,0,0,0]     37/19          37/19          9/38           55/38          55/38          91/152         
[0,0,0,0,1,0,0,0,0,1,0,0,1,0,0,0,0,0]     37/19          37/19          9/38           55/38          55/38          91/152         
[0,0,0,0,1,0,0,0,0,1,1,0,0,0,0,0,0,0]     37/19          37/19          9/38           55/38          55/38          91/152         
[0,0,0,0,1,0,0,0,1,0,0,0,0,0,0,0,0,0]     18/19          37/19          5/38           21/38          59/38          41/152         
[0,0,0,0,1,0,0,0,1,0,0,0,0,0,0,0,0,1]     37/19          37/19          9/38           55/38          55/38          91/152         
[0,0,0,0,1,0,0,0,1,0,0,0,0,0,0,0,2,0]     37/19          40/19          11/38          53/38          59/38          97/152         
[0,0,0,0,1,0,0,0,1,0,0,0,0,0,0,1,0,0]     37/19          37/19          9/38           55/38          55/38          91/152         
[0,0,0,0,1,0,0,0,1,0,0,0,0,0,1,0,1,0]     37/19          40/19          5/19           27/19          30/19          47/76          
[0,0,0,0,1,0,0,0,1,0,0,0,0,0,2,0,0,0]     37/19          40/19          11/38          53/38          59/38          97/152         
[0,0,0,0,1,0,0,0,1,0,0,0,0,1,0,0,0,0]     37/19          37/19          9/38           55/38          55/38          91/152         
[0,0,0,0,1,0,0,0,1,0,0,0,1,0,0,0,1,0]     37/19          40/19          5/19           27/19          30/19          47/76          
[0,0,0,0,1,0,0,0,1,0,0,0,1,0,1,0,0,0]     37/19          40/19          5/19           27/19          30/19          47/76          
[0,0,0,0,1,0,0,0,1,0,0,0,2,0,0,0,0,0]     37/19          40/19          11/38          53/38          59/38          97/152         
[0,0,0,0,1,0,0,0,1,0,0,1,0,0,0,0,0,0]     37/19          37/19          9/38           55/38          55/38          91/152         
[0,0,0,0,1,0,0,0,1,0,1,0,0,0,0,0,1,0]     37/19          40/19          5/19           27/19          30/19          47/76          
[0,0,0,0,1,0,0,0,1,0,1,0,0,0,1,0,0,0]     37/19          40/19          5/19           27/19          30/19          47/76          
[0,0,0,0,1,0,0,0,1,0,1,0,1,0,0,0,0,0]     37/19          40/19          5/19           27/19          30/19          47/76          
[0,0,0,0,1,0,0,0,1,0,2,0,0,0,0,0,0,0]     37/19          40/19          11/38          53/38          59/38          97/152         
[0,0,0,0,1,0,0,0,2,0,0,0,0,0,0,0,1,0]     37/19          40/19          11/38          53/38          59/38          97/152         
[0,0,0,0,1,0,0,0,2,0,0,0,0,0,1,0,0,0]     37/19          40/19          11/38          53/38          59/38          97/152         
[0,0,0,0,1,0,0,0,2,0,0,0,1,0,0,0,0,0]     37/19          40/19          11/38          53/38          59/38          97/152         
[0,0,0,0,1,0,0,0,2,0,1,0,0,0,0,0,0,0]     37/19          40/19          11/38          53/38          59/38          97/152         
[0,0,0,0,1,0,0,1,0,0,0,0,0,0,0,0,1,0]     37/19          37/19          9/38           55/38          55/38          91/152         
[0,0,0,0,1,0,0,1,0,0,0,0,0,0,1,0,0,0]     37/19          37/19          9/38           55/38          55/38          91/152         
[0,0,0,0,1,0,0,1,0,0,0,0,1,0,0,0,0,0]     37/19          37/19          9/38           55/38          55/38          91/152         
[0,0,0,0,1,0,0,1,0,0,1,0,0,0,0,0,0,0]     37/19          37/19          9/38           55/38          55/38          91/152         
[0,0,0,0,1,0,0,1,1,0,0,0,0,0,0,0,0,0]     37/19          37/19          9/38           55/38          55/38          91/152         
[0,0,0,0,1,0,1,0,0,0,0,0,0,0,0,0,0,0]     18/19          37/19          5/38           21/38          59/38          41/152         
[0,0,0,0,1,0,1,0,0,0,0,0,0,0,0,0,0,1]     37/19          37/19          9/38           55/38          55/38          91/152         
[0,0,0,0,1,0,1,0,0,0,0,0,0,0,0,0,2,0]     37/19          40/19          11/38          53/38          59/38          97/152         
[0,0,0,0,1,0,1,0,0,0,0,0,0,0,0,1,0,0]     37/19          37/19          9/38           55/38          55/38          91/152         
[0,0,0,0,1,0,1,0,0,0,0,0,0,0,1,0,1,0]     37/19          40/19          5/19           27/19          30/19          47/76          
[0,0,0,0,1,0,1,0,0,0,0,0,0,0,2,0,0,0]     37/19          40/19          11/38          53/38          59/38          97/152         
[0,0,0,0,1,0,1,0,0,0,0,0,0,1,0,0,0,0]     37/19          37/19          9/38           55/38          55/38          91/152         
[0,0,0,0,1,0,1,0,0,0,0,0,1,0,0,0,1,0]     37/19          40/19          5/19           27/19          30/19          47/76          
[0,0,0,0,1,0,1,0,0,0,0,0,1,0,1,0,0,0]     37/19          40/19          5/19           27/19          30/19          47/76          
[0,0,0,0,1,0,1,0,0,0,0,0,2,0,0,0,0,0]     37/19          40/19          11/38          53/38          59/38          97/152         
[0,0,0,0,1,0,1,0,0,0,0,1,0,0,0,0,0,0]     37/19          37/19          9/38           55/38          55/38          91/152         
[0,0,0,0,1,0,1,0,0,0,1,0,0,0,0,0,1,0]     37/19          40/19          5/19           27/19          30/19          47/76          
[0,0,0,0,1,0,1,0,0,0,1,0,0,0,1,0,0,0]     37/19          40/19          5/19           27/19          30/19          47/76          
[0,0,0,0,1,0,1,0,0,0,1,0,1,0,0,0,0,0]     37/19          40/19          5/19           27/19          30/19          47/76          
[0,0,0,0,1,0,1,0,0,0,2,0,0,0,0,0,0,0]     37/19          40/19          11/38          53/38          59/38          97/152         
[0,0,0,0,1,0,1,0,0,1,0,0,0,0,0,0,0,0]     37/19          37/19          9/38           55/38          55/38          91/152         
[0,0,0,0,1,0,1,0,1,0,0,0,0,0,0,0,1,0]     37/19          40/19          5/19           27/19          30/19          47/76          
[0,0,0,0,1,0,1,0,1,0,0,0,0,0,1,0,0,0]     37/19          40/19          5/19           27/19          30/19          47/76          
[0,0,0,0,1,0,1,0,1,0,0,0,1,0,0,0,0,0]     37/19          40/19          5/19           27/19          30/19          47/76          
[0,0,0,0,1,0,1,0,1,0,1,0,0,0,0,0,0,0]     37/19          40/19          5/19           27/19          30/19          47/76          
[0,0,0,0,1,0,1,0,2,0,0,0,0,0,0,0,0,0]     37/19          40/19          11/38          53/38          59/38          97/152         
[0,0,0,0,1,0,2,0,0,0,0,0,0,0,0,0,1,0]     37/19          40/19          11/38          53/38          59/38          97/152         
[0,0,0,0,1,0,2,0,0,0,0,0,0,0,1,0,0,0]     37/19          40/19          11/38          53/38          59/38          97/152         
[0,0,0,0,1,0,2,0,0,0,0,0,1,0,0,0,0,0]     37/19          40/19          11/38          53/38          59/38          97/152         
[0,0,0,0,1,0,2,0,0,0,1,0,0,0,0,0,0,0]     37/19          40/19          11/38          53/38          59/38          97/152         
[0,0,0,0,1,0,2,0,1,0,0,0,0,0,0,0,0,0]     37/19          40/19          11/38          53/38          59/38          97/152         
[0,0,0,0,2,0,0,0,0,0,0,0,0,0,0,0,2,0]     37/19          40/19          6/19           26/19          29/19          25/38          
[0,0,0,0,2,0,0,0,0,0,0,0,0,0,1,0,1,0]     37/19          40/19          11/38          53/38          59/38          97/152         
[0,0,0,0,2,0,0,0,0,0,0,0,0,0,2,0,0,0]     37/19          40/19          6/19           26/19          29/19          25/38          
[0,0,0,0,2,0,0,0,0,0,0,0,1,0,0,0,1,0]     37/19          40/19          11/38          53/38          59/38          97/152         
[0,0,0,0,2,0,0,0,0,0,0,0,1,0,1,0,0,0]     37/19          40/19          11/38          53/38          59/38          97/152         
[0,0,0,0,2,0,0,0,0,0,0,0,2,0,0,0,0,0]     37/19          40/19          6/19           26/19          29/19          25/38          
[0,0,0,0,2,0,0,0,0,0,1,0,0,0,0,0,1,0]     37/19          40/19          11/38          53/38          59/38          97/152         
[0,0,0,0,2,0,0,0,0,0,1,0,0,0,1,0,0,0]     37/19          40/19          11/38          53/38          59/38          97/152         
[0,0,0,0,2,0,0,0,0,0,1,0,1,0,0,0,0,0]     37/19          40/19          11/38          53/38          59/38          97/152         
[0,0,0,0,2,0,0,0,0,0,2,0,0,0,0,0,0,0]     37/19          40/19          6/19           26/19          29/19          25/38          
[0,0,0,0,2,0,0,0,1,0,0,0,0,0,0,0,1,0]     37/19          40/19          11/38          53/38          59/38          97/152         
[0,0,0,0,2,0,0,0,1,0,0,0,0,0,1,0,0,0]     37/19          40/19          11/38          53/38          59/38          97/152         
[0,0,0,0,2,0,0,0,1,0,0,0,1,0,0,0,0,0]     37/19          40/19          11/38          53/38          59/38          97/152         
[0,0,0,0,2,0,0,0,1,0,1,0,0,0,0,0,0,0]     37/19          40/19          11/38          53/38          59/38          97/152         
[0,0,0,0,2,0,0,0,2,0,0,0,0,0,0,0,0,0]     37/19          40/19          6/19           26/19          29/19          25/38          
[0,0,0,0,2,0,1,0,0,0,0,0,0,0,0,0,1,0]     37/19          40/19          11/38          53/38          59/38          97/152         
[0,0,0,0,2,0,1,0,0,0,0,0,0,0,1,0,0,0]     37/19          40/19          11/38          53/38          59/38          97/152         
[0,0,0,0,2,0,1,0,0,0,0,0,1,0,0,0,0,0]     37/19          40/19          11/38          53/38          59/38          97/152         
[0,0,0,0,2,0,1,0,0,0,1,0,0,0,0,0,0,0]     37/19          40/19          11/38          53/38          59/38          97/152         
[0,0,0,0,2,0,1,0,1,0,0,0,0,0,0,0,0,0]     37/19          40/19          11/38          53/38          59/38          97/152         
[0,0,0,0,2,0,2,0,0,0,0,0,0,0,0,0,0,0]     37/19          40/19          6/19           26/19          29/19          25/38          
[0,0,0,1,0,0,0,0,0,0,0,0,0,0,0,0,0,0]     18/19          37/19          2/19           11/19          30/19          1/4            
[0,0,0,1,0,0,0,0,0,0,0,0,0,0,0,0,0,1]     37/19          37/19          4/19           28/19          28/19          11/19          
[0,0,0,1,0,0,0,0,0,0,0,0,0,0,0,1,0,0]     37/19          37/19          4/19           28/19          28/19          11/19          
[0,0,0,1,0,0,0,0,0,0,0,0,0,0,1,0,1,0]     37/19          37/19          9/38           55/38          55/38          91/152         
[0,0,0,1,0,0,0,0,0,0,0,0,0,1,0,0,0,0]     37/19          37/19          4/19           28/19          28/19          11/19          
[0,0,0,1,0,0,0,0,0,0,0,0,1,0,0,0,1,0]     37/19          37/19          9/38           55/38          55/38          91/152         
[0,0,0,1,0,0,0,0,0,0,0,0,1,0,1,0,0,0]     37/19          37/19          9/38           55/38          55/38          91/152         
[0,0,0,1,0,0,0,0,0,0,0,1,0,0,0,0,0,0]     37/19          37/19          4/19           28/19          28/19          11/19          
[0,0,0,1,0,0,0,0,0,0,1,0,0,0,0,0,1,0]     37/19          37/19          9/38           55/38          55/38          91/152         
[0,0,0,1,0,0,0,0,0,0,1,0,0,0,1,0,0,0]     37/19          37/19          9/38           55/38          55/38          91/152         
[0,0,0,1,0,0,0,0,0,0,1,0,1,0,0,0,0,0]     37/19          37/19          9/38           55/38          55/38          91/152         
[0,0,0,1,0,0,0,0,0,1,0,0,0,0,0,0,0,0]     37/19          37/19          4/19           28/19          28/19          11/19          
[0,0,0,1,0,0,0,0,1,0,0,0,0,0,0,0,1,0]     37/19          37/19          9/38           55/38          55/38          91/152         
[0,0,0,1,0,0,0,0,1,0,0,0,0,0,1,0,0,0]     37/19          37/19          9/38           55/38          55/38          91/152         
[0,0,0,1,0,0,0,0,1,0,0,0,1,0,0,0,0,0]     37/19          37/19          9/38           55/38          55/38          91/152         
[0,0,0,1,0,0,0,0,1,0,1,0,0,0,0,0,0,0]     37/19          37/19          9/38           55/38          55/38          91/152         
[0,0,0,1,0,0,0,1,0,0,0,0,0,0,0,0,0,0]     37/19          37/19          4/19           28/19          28/19          11/19          
[0,0,0,1,0,0,1,0,0,0,0,0,0,0,0,0,1,0]     37/19          37/19          9/38           55/38          55/38          91/152         
[0,0,0,1,0,0,1,0,0,0,0,0,0,0,1,0,0,0]     37/19          37/19          9/38           55/38          55/38          91/152         
[0,0,0,1,0,0,1,0,0,0,0,0,1,0,0,0,0,0]     37/19          37/19          9/38           55/38          55/38          91/152         
[0,0,0,1,0,0,1,0,0,0,1,0,0,0,0,0,0,0]     37/19          37/19          9/38           55/38          55/38          91/152         
[0,0,0,1,0,0,1,0,1,0,0,0,0,0,0,0,0,0]     37/19          37/19          9/38           55/38          55/38          91/152         
[0,0,0,1,0,1,0,0,0,0,0,0,0,0,0,0,0,0]     37/19          37/19          4/19           28/19          28/19          11/19          
[0,0,0,1,1,0,0,0,0,0,0,0,0,0,0,0,1,0]     37/19          37/19          9/38           55/38          55/38          91/152         
[0,0,0,1,1,0,0,0,0,0,0,0,0,0,1,0,0,0]     37/19          37/19          9/38           55/38          55/38          91/152         
[0,0,0,1,1,0,0,0,0,0,0,0,1,0,0,0,0,0]     37/19          37/19          9/38           55/38          55/38          91/152         
[0,0,0,1,1,0,0,0,0,0,1,0,0,0,0,0,0,0]     37/19          37/19          9/38           55/38          55/38          91/152         
[0,0,0,1,1,0,0,0,1,0,0,0,0,0,0,0,0,0]     37/19          37/19          9/38           55/38          55/38          91/152         
[0,0,0,1,1,0,1,0,0,0,0,0,0,0,0,0,0,0]     37/19          37/19          9/38           55/38          55/38          91/152         
[0,0,1,0,0,0,0,0,0,0,0,0,0,0,0,0,1,0]     18/19          37/19          5/38           21/38          59/38          41/152         
[0,0,1,0,0,0,0,0,0,0,0,0,0,0,0,1,1,0]     37/19          37/19          9/38           55/38          55/38          91/152         
[0,0,1,0,0,0,0,0,0,0,0,0,0,0,1,0,0,0]     18/19          37/19          5/38           21/38          59/38          41/152         
[0,0,1,0,0,0,0,0,0,0,0,0,0,0,1,0,0,1]     37/19          37/19          9/38           55/38          55/38          91/152         
[0,0,1,0,0,0,0,0,0,0,0,0,0,0,1,0,2,0]     37/19          40/19          11/38          53/38          59/38          97/152         
[0,0,1,0,0,0,0,0,0,0,0,0,0,0,2,0,1,0]     37/19          40/19          11/38          53/38          59/38          97/152         
[0,0,1,0,0,0,0,0,0,0,0,0,0,1,0,0,1,0]     37/19          37/19          9/38           55/38          55/38          91/152         
[0,0,1,0,0,0,0,0,0,0,0,0,0,1,1,0,0,0]     37/19          37/19          9/38           55/38          55/38          91/152         
[0,0,1,0,0,0,0,0,0,0,0,0,1,0,0,0,0,0]     18/19          37/19          5/38           21/38          59/38          41/152         
[0,0,1,0,0,0,0,0,0,0,0,0,1,0,0,0,0,1]     37/19          37/19          9/38           55/38          55/38          91/152         
[0,0,1,0,0,0,0,0,0,0,0,0,1,0,0,0,2,0]     37/19          40/19          11/38          53/38          59/38          97/152         
[0,0,1,0,0,0,0,0,0,0,0,0,1,0,0,1,0,0]     37/19          37/19          9/38           55/38          55/38          91/152         
[0,0,1,0,0,0,0,0,0,0,0,0,1,0,1,0,1,0]     37/19          40/19          5/19           27/19          30/19          47/76          
[0,0,1,0,0,0,0,0,0,0,0,0,1,0,2,0,0,0]     37/19          40/19          11/38          53/38          59/38          97/152         
[0,0,1,0,0,0,0,0,0,0,0,0,2,0,0,0,1,0]     37/19          40/19          11/38          53/38          59/38          97/152         
[0,0,1,0,0,0,0,0,0,0,0,0,2,0,1,0,0,0]     37/19          40/19          11/38          53/38          59/38          97/152         
[0,0,1,0,0,0,0,0,0,0,0,1,0,0,0,0,1,0]     37/19          37/19          9/38           55/38          55/38          91/152         
[0,0,1,0,0,0,0,0,0,0,0,1,0,0,1,0,0,0]     37/19          37/19          9/38           55/38          55/38          91/152         
[0,0,1,0,0,0,0,0,0,0,0,1,1,0,0,0,0,0]     37/19          37/19          9/38           55/38          55/38          91/152         
[0,0,1,0,0,0,0,0,0,0,1,0,0,0,0,0,0,0]     18/19          37/19          5/38           21/38          59/38          41/152         
[0,0,1,0,0,0,0,0,0,0,1,0,0,0,0,0,0,1]     37/19          37/19          9/38           55/38          55/38          91/152         
[0,0,1,0,0,0,0,0,0,0,1,0,0,0,0,0,2,0]     37/19          40/19          11/38          53/38          59/38          97/152         
[0,0,1,0,0,0,0,0,0,0,1,0,0,0,0,1,0,0]     37/19          37/19          9/38           55/38          55/38          91/152         
[0,0,1,0,0,0,0,0,0,0,1,0,0,0,1,0,1,0]     37/19          40/19          5/19           27/19          30/19          47/76          
[0,0,1,0,0,0,0,0,0,0,1,0,0,0,2,0,0,0]     37/19          40/19          11/38          53/38          59/38          97/152         
[0,0,1,0,0,0,0,0,0,0,1,0,0,1,0,0,0,0]     37/19          37/19          9/38           55/38          55/38          91/152         
[0,0,1,0,0,0,0,0,0,0,1,0,1,0,0,0,1,0]     37/19          40/19          5/19           27/19          30/19          47/76          
[0,0,1,0,0,0,0,0,0,0,1,0,1,0,1,0,0,0]     37/19          40/19          5/19           27/19          30/19          47/76          
[0,0,1,0,0,0,0,0,0,0,1,0,2,0,0,0,0,0]     37/19          40/19          11/38          53/38          59/38          97/152         
[0,0,1,0,0,0,0,0,0,0,2,0,0,0,0,0,1,0]     37/19          40/19          11/38          53/38          59/38          97/152         
[0,0,1,0,0,0,0,0,0,0,2,0,0,0,1,0,0,0]     37/19          40/19          11/38          53/38          59/38          97/152         
[0,0,1,0,0,0,0,0,0,0,2,0,1,0,0,0,0,0]     37/19          40/19          11/38          53/38          59/38          97/152         
[0,0,1,0,0,0,0,0,0,1,0,0,0,0,0,0,1,0]     37/19          37/19          9/38           55/38          55/38          91/152         
[0,0,1,0,0,0,0,0,0,1,0,0,0,0,1,0,0,0]     37/19          37/19          9/38           55/38          55/38          91/152         
[0,0,1,0,0,0,0,0,0,1,0,0,1,0,0,0,0,0]     37/19          37/19          9/38           55/38          55/38          91/152         
[0,0,1,0,0,0,0,0,0,1,1,0,0,0,0,0,0,0]     37/19          37/19          9/38           55/38          55/38          91/152         
[0,0,1,0,0,0,0,0,1,0,0,0,0,0,0,0,0,0]     18/19          37/19          5/38           21/38          59/38          41/152         
[0,0,1,0,0,0,0,0,1,0,0,0,0,0,0,0,0,1]     37/19          37/19          9/38           55/38          55/38          91/152         
[0,0,1,0,0,0,0,0,1,0,0,0,0,0,0,0,2,0]     37/19          40/19          11/38          53/38          59/38          97/152         
[0,0,1,0,0,0,0,0,1,0,0,0,0,0,0,1,0,0]     37/19          37/19          9/38           55/38          55/38          91/152         
[0,0,1,0,0,0,0,0,1,0,0,0,0,0,1,0,1,0]     37/19          40/19          5/19           27/19          30/19          47/76          
[0,0,1,0,0,0,0,0,1,0,0,0,0,0,2,0,0,0]     37/19          40/19          11/38          53/38          59/38          97/152         
[0,0,1,0,0,0,0,0,1,0,0,0,0,1,0,0,0,0]     37/19          37/19          9/38           55/38          55/38          91/152         
[0,0,1,0,0,0,0,0,1,0,0,0,1,0,0,0,1,0]     37/19          40/19          5/19           27/19          30/19          47/76          
[0,0,1,0,0,0,0,0,1,0,0,0,1,0,1,0,0,0]     37/19          40/19          5/19           27/19          30/19          47/76          
[0,0,1,0,0,0,0,0,1,0,0,0,2,0,0,0,0,0]     37/19          40/19          11/38          53/38          59/38          97/152         
[0,0,1,0,0,0,0,0,1,0,0,1,0,0,0,0,0,0]     37/19          37/19          9/38           55/38          55/38          91/152         
[0,0,1,0,0,0,0,0,1,0,1,0,0,0,0,0,1,0]     37/19          40/19          5/19           27/19          30/19          47/76          
[0,0,1,0,0,0,0,0,1,0,1,0,0,0,1,0,0,0]     37/19          40/19          5/19           27/19          30/19          47/76          
[0,0,1,0,0,0,0,0,1,0,1,0,1,0,0,0,0,0]     37/19          40/19          5/19           27/19          30/19          47/76          
[0,0,1,0,0,0,0,0,1,0,2,0,0,0,0,0,0,0]     37/19          40/19          11/38          53/38          59/38          97/152         
[0,0,1,0,0,0,0,0,2,0,0,0,0,0,0,0,1,0]     37/19          40/19          11/38          53/38          59/38          97/152         
[0,0,1,0,0,0,0,0,2,0,0,0,0,0,1,0,0,0]     37/19          40/19          11/38          53/38          59/38          97/152         
[0,0,1,0,0,0,0,0,2,0,0,0,1,0,0,0,0,0]     37/19          40/19          11/38          53/38          59/38          97/152         
[0,0,1,0,0,0,0,0,2,0,1,0,0,0,0,0,0,0]     37/19          40/19          11/38          53/38          59/38          97/152         
[0,0,1,0,0,0,0,1,0,0,0,0,0,0,0,0,1,0]     37/19          37/19          9/38           55/38          55/38          91/152         
[0,0,1,0,0,0,0,1,0,0,0,0,0,0,1,0,0,0]     37/19          37/19          9/38           55/38          55/38          91/152         
[0,0,1,0,0,0,0,1,0,0,0,0,1,0,0,0,0,0]     37/19          37/19          9/38           55/38          55/38          91/152         
[0,0,1,0,0,0,0,1,0,0,1,0,0,0,0,0,0,0]     37/19          37/19          9/38           55/38          55/38          91/152         
[0,0,1,0,0,0,0,1,1,0,0,0,0,0,0,0,0,0]     37/19          37/19          9/38           55/38          55/38          91/152         
[0,0,1,0,0,0,1,0,0,0,0,0,0,0,0,0,0,0]     18/19          37/19          5/38           21/38          59/38          41/152         
[0,0,1,0,0,0,1,0,0,0,0,0,0,0,0,0,0,1]     37/19          37/19          9/38           55/38          55/38          91/152         
[0,0,1,0,0,0,1,0,0,0,0,0,0,0,0,0,2,0]     37/19          40/19          11/38          53/38          59/38          97/152         
[0,0,1,0,0,0,1,0,0,0,0,0,0,0,0,1,0,0]     37/19          37/19          9/38           55/38          55/38          91/152         
[0,0,1,0,0,0,1,0,0,0,0,0,0,0,1,0,1,0]     37/19          40/19          5/19           27/19          30/19          47/76          
[0,0,1,0,0,0,1,0,0,0,0,0,0,0,2,0,0,0]     37/19          40/19          11/38          53/38          59/38          97/152         
[0,0,1,0,0,0,1,0,0,0,0,0,0,1,0,0,0,0]     37/19          37/19          9/38           55/38          55/38          91/152         
[0,0,1,0,0,0,1,0,0,0,0,0,1,0,0,0,1,0]     37/19          40/19          5/19           27/19          30/19          47/76          
[0,0,1,0,0,0,1,0,0,0,0,0,1,0,1,0,0,0]     37/19          40/19          5/19           27/19          30/19          47/76          
[0,0,1,0,0,0,1,0,0,0,0,0,2,0,0,0,0,0]     37/19          40/19          11/38          53/38          59/38          97/152         
[0,0,1,0,0,0,1,0,0,0,0,1,0,0,0,0,0,0]     37/19          37/19          9/38           55/38          55/38          91/152         
[0,0,1,0,0,0,1,0,0,0,1,0,0,0,0,0,1,0]     37/19          40/19          5/19           27/19          30/19          47/76          
[0,0,1,0,0,0,1,0,0,0,1,0,0,0,1,0,0,0]     37/19          40/19          5/19           27/19          30/19          47/76          
[0,0,1,0,0,0,1,0,0,0,1,0,1,0,0,0,0,0]     37/19          40/19          5/19           27/19          30/19          47/76          
[0,0,1,0,0,0,1,0,0,0,2,0,0,0,0,0,0,0]     37/19          40/19          11/38          53/38          59/38          97/152         
[0,0,1,0,0,0,1,0,0,1,0,0,0,0,0,0,0,0]     37/19          37/19          9/38           55/38          55/38          91/152         
[0,0,1,0,0,0,1,0,1,0,0,0,0,0,0,0,1,0]     37/19          40/19          5/19           27/19          30/19          47/76          
[0,0,1,0,0,0,1,0,1,0,0,0,0,0,1,0,0,0]     37/19          40/19          5/19           27/19          30/19          47/76          
[0,0,1,0,0,0,1,0,1,0,0,0,1,0,0,0,0,0]     37/19          40/19          5/19           27/19          30/19          47/76          
[0,0,1,0,0,0,1,0,1,0,1,0,0,0,0,0,0,0]     37/19          40/19          5/19           27/19          30/19          47/76          
[0,0,1,0,0,0,1,0,2,0,0,0,0,0,0,0,0,0]     37/19          40/19          11/38          53/38          59/38          97/152         
[0,0,1,0,0,0,2,0,0,0,0,0,0,0,0,0,1,0]     37/19          40/19          11/38          53/38          59/38          97/152         
[0,0,1,0,0,0,2,0,0,0,0,0,0,0,1,0,0,0]     37/19          40/19          11/38          53/38          59/38          97/152         
[0,0,1,0,0,0,2,0,0,0,0,0,1,0,0,0,0,0]     37/19          40/19          11/38          53/38          59/38          97/152         
[0,0,1,0,0,0,2,0,0,0,1,0,0,0,0,0,0,0]     37/19          40/19          11/38          53/38          59/38          97/152         
[0,0,1,0,0,0,2,0,1,0,0,0,0,0,0,0,0,0]     37/19          40/19          11/38          53/38          59/38          97/152         
[0,0,1,0,0,1,0,0,0,0,0,0,0,0,0,0,1,0]     37/19          37/19          9/38           55/38          55/38          91/152         
[0,0,1,0,0,1,0,0,0,0,0,0,0,0,1,0,0,0]     37/19          37/19          9/38           55/38          55/38          91/152         
[0,0,1,0,0,1,0,0,0,0,0,0,1,0,0,0,0,0]     37/19          37/19          9/38           55/38          55/38          91/152         
[0,0,1,0,0,1,0,0,0,0,1,0,0,0,0,0,0,0]     37/19          37/19          9/38           55/38          55/38          91/152         
[0,0,1,0,0,1,0,0,1,0,0,0,0,0,0,0,0,0]     37/19          37/19          9/38           55/38          55/38          91/152         
[0,0,1,0,0,1,1,0,0,0,0,0,0,0,0,0,0,0]     37/19          37/19          9/38           55/38          55/38          91/152         
[0,0,1,0,1,0,0,0,0,0,0,0,0,0,0,0,0,0]     18/19          37/19          5/38           21/38          59/38          41/152         
[0,0,1,0,1,0,0,0,0,0,0,0,0,0,0,0,0,1]     37/19          37/19          9/38           55/38          55/38          91/152         
[0,0,1,0,1,0,0,0,0,0,0,0,0,0,0,0,2,0]     37/19          40/19          11/38          53/38          59/38          97/152         
[0,0,1,0,1,0,0,0,0,0,0,0,0,0,0,1,0,0]     37/19          37/19          9/38           55/38          55/38          91/152         
[0,0,1,0,1,0,0,0,0,0,0,0,0,0,1,0,1,0]     37/19          40/19          5/19           27/19          30/19          47/76          
[0,0,1,0,1,0,0,0,0,0,0,0,0,0,2,0,0,0]     37/19          40/19          11/38          53/38          59/38          97/152         
[0,0,1,0,1,0,0,0,0,0,0,0,0,1,0,0,0,0]     37/19          37/19          9/38           55/38          55/38          91/152         
[0,0,1,0,1,0,0,0,0,0,0,0,1,0,0,0,1,0]     37/19          40/19          5/19           27/19          30/19          47/76          
[0,0,1,0,1,0,0,0,0,0,0,0,1,0,1,0,0,0]     37/19          40/19          5/19           27/19          30/19          47/76          
[0,0,1,0,1,0,0,0,0,0,0,0,2,0,0,0,0,0]     37/19          40/19          11/38          53/38          59/38          97/152         
[0,0,1,0,1,0,0,0,0,0,0,1,0,0,0,0,0,0]     37/19          37/19          9/38           55/38          55/38          91/152         
[0,0,1,0,1,0,0,0,0,0,1,0,0,0,0,0,1,0]     37/19          40/19          5/19           27/19          30/19          47/76          
[0,0,1,0,1,0,0,0,0,0,1,0,0,0,1,0,0,0]     37/19          40/19          5/19           27/19          30/19          47/76          
[0,0,1,0,1,0,0,0,0,0,1,0,1,0,0,0,0,0]     37/19          40/19          5/19           27/19          30/19          47/76          
[0,0,1,0,1,0,0,0,0,0,2,0,0,0,0,0,0,0]     37/19          40/19          11/38          53/38          59/38          97/152         
[0,0,1,0,1,0,0,0,0,1,0,0,0,0,0,0,0,0]     37/19          37/19          9/38           55/38          55/38          91/152         
[0,0,1,0,1,0,0,0,1,0,0,0,0,0,0,0,1,0]     37/19          40/19          5/19           27/19          30/19          47/76          
[0,0,1,0,1,0,0,0,1,0,0,0,0,0,1,0,0,0]     37/19          40/19          5/19           27/19          30/19          47/76          
[0,0,1,0,1,0,0,0,1,0,0,0,1,0,0,0,0,0]     37/19          40/19          5/19           27/19          30/19          47/76          
[0,0,1,0,1,0,0,0,1,0,1,0,0,0,0,0,0,0]     37/19          40/19          5/19           27/19          30/19          47/76          
[0,0,1,0,1,0,0,0,2,0,0,0,0,0,0,0,0,0]     37/19          40/19          11/38          53/38          59/38          97/152         
[0,0,1,0,1,0,0,1,0,0,0,0,0,0,0,0,0,0]     37/19          37/19          9/38           55/38          55/38          91/152         
[0,0,1,0,1,0,1,0,0,0,0,0,0,0,0,0,1,0]     37/19          40/19          5/19           27/19          30/19          47/76          
[0,0,1,0,1,0,1,0,0,0,0,0,0,0,1,0,0,0]     37/19          40/19          5/19           27/19          30/19          47/76          
[0,0,1,0,1,0,1,0,0,0,0,0,1,0,0,0,0,0]     37/19          40/19          5/19           27/19          30/19          47/76          
[0,0,1,0,1,0,1,0,0,0,1,0,0,0,0,0,0,0]     37/19          40/19          5/19           27/19          30/19          47/76          
[0,0,1,0,1,0,1,0,1,0,0,0,0,0,0,0,0,0]     37/19          40/19          5/19           27/19          30/19          47/76          
[0,0,1,0,1,0,2,0,0,0,0,0,0,0,0,0,0,0]     37/19          40/19          11/38          53/38          59/38          97/152         
[0,0,1,0,2,0,0,0,0,0,0,0,0,0,0,0,1,0]     37/19          40/19          11/38          53/38          59/38          97/152         
[0,0,1,0,2,0,0,0,0,0,0,0,0,0,1,0,0,0]     37/19          40/19          11/38          53/38          59/38          97/152         
[0,0,1,0,2,0,0,0,0,0,0,0,1,0,0,0,0,0]     37/19          40/19          11/38          53/38          59/38          97/152         
[0,0,1,0,2,0,0,0,0,0,1,0,0,0,0,0,0,0]     37/19          40/19          11/38          53/38          59/38          97/152         
[0,0,1,0,2,0,0,0,1,0,0,0,0,0,0,0,0,0]     37/19          40/19          11/38          53/38          59/38          97/152         
[0,0,1,0,2,0,1,0,0,0,0,0,0,0,0,0,0,0]     37/19          40/19          11/38          53/38          59/38          97/152         
[0,0,2,0,0,0,0,0,0,0,0,0,0,0,0,0,2,0]     37/19          40/19          6/19           26/19          29/19          25/38          
[0,0,2,0,0,0,0,0,0,0,0,0,0,0,1,0,1,0]     37/19          40/19          11/38          53/38          59/38          97/152         
[0,0,2,0,0,0,0,0,0,0,0,0,0,0,2,0,0,0]     37/19          40/19          6/19           26/19          29/19          25/38          
[0,0,2,0,0,0,0,0,0,0,0,0,1,0,0,0,1,0]     37/19          40/19          11/38          53/38          59/38          97/152         
[0,0,2,0,0,0,0,0,0,0,0,0,1,0,1,0,0,0]     37/19          40/19          11/38          53/38          59/38          97/152         
[0,0,2,0,0,0,0,0,0,0,0,0,2,0,0,0,0,0]     37/19          40/19          6/19           26/19          29/19          25/38          
[0,0,2,0,0,0,0,0,0,0,1,0,0,0,0,0,1,0]     37/19          40/19          11/38          53/38          59/38          97/152         
[0,0,2,0,0,0,0,0,0,0,1,0,0,0,1,0,0,0]     37/19          40/19          11/38          53/38          59/38          97/152         
[0,0,2,0,0,0,0,0,0,0,1,0,1,0,0,0,0,0]     37/19          40/19          11/38          53/38          59/38          97/152         
[0,0,2,0,0,0,0,0,0,0,2,0,0,0,0,0,0,0]     37/19          40/19          6/19           26/19          29/19          25/38          
[0,0,2,0,0,0,0,0,1,0,0,0,0,0,0,0,1,0]     37/19          40/19          11/38          53/38          59/38          97/152         
[0,0,2,0,0,0,0,0,1,0,0,0,0,0,1,0,0,0]     37/19          40/19          11/38          53/38          59/38          97/152         
[0,0,2,0,0,0,0,0,1,0,0,0,1,0,0,0,0,0]     37/19          40/19          11/38          53/38          59/38          97/152         
[0,0,2,0,0,0,0,0,1,0,1,0,0,0,0,0,0,0]     37/19          40/19          11/38          53/38          59/38          97/152         
[0,0,2,0,0,0,0,0,2,0,0,0,0,0,0,0,0,0]     37/19          40/19          6/19           26/19          29/19          25/38          
[0,0,2,0,0,0,1,0,0,0,0,0,0,0,0,0,1,0]     37/19          40/19          11/38          53/38          59/38          97/152         
[0,0,2,0,0,0,1,0,0,0,0,0,0,0,1,0,0,0]     37/19          40/19          11/38          53/38          59/38          97/152         
[0,0,2,0,0,0,1,0,0,0,0,0,1,0,0,0,0,0]     37/19          40/19          11/38          53/38          59/38          97/152         
[0,0,2,0,0,0,1,0,0,0,1,0,0,0,0,0,0,0]     37/19          40/19          11/38          53/38          59/38          97/152         
[0,0,2,0,0,0,1,0,1,0,0,0,0,0,0,0,0,0]     37/19          40/19          11/38          53/38          59/38          97/152         
[0,0,2,0,0,0,2,0,0,0,0,0,0,0,0,0,0,0]     37/19          40/19          6/19           26/19          29/19          25/38          
[0,0,2,0,1,0,0,0,0,0,0,0,0,0,0,0,1,0]     37/19          40/19          11/38          53/38          59/38          97/152         
[0,0,2,0,1,0,0,0,0,0,0,0,0,0,1,0,0,0]     37/19          40/19          11/38          53/38          59/38          97/152         
[0,0,2,0,1,0,0,0,0,0,0,0,1,0,0,0,0,0]     37/19          40/19          11/38          53/38          59/38          97/152         
[0,0,2,0,1,0,0,0,0,0,1,0,0,0,0,0,0,0]     37/19          40/19          11/38          53/38          59/38          97/152         
[0,0,2,0,1,0,0,0,1,0,0,0,0,0,0,0,0,0]     37/19          40/19          11/38          53/38          59/38          97/152         
[0,0,2,0,1,0,1,0,0,0,0,0,0,0,0,0,0,0]     37/19          40/19          11/38          53/38          59/38          97/152         
[0,0,2,0,2,0,0,0,0,0,0,0,0,0,0,0,0,0]     37/19          40/19          6/19           26/19          29/19          25/38          
[0,1,0,0,0,0,0,0,0,0,0,0,0,0,0,0,0,0]     18/19          37/19          2/19           11/19          30/19          1/4            
[0,1,0,0,0,0,0,0,0,0,0,0,0,0,0,0,0,1]     37/19          37/19          4/19           28/19          28/19          11/19          
[0,1,0,0,0,0,0,0,0,0,0,0,0,0,0,1,0,0]     37/19          37/19          4/19           28/19          28/19          11/19          
[0,1,0,0,0,0,0,0,0,0,0,0,0,0,1,0,1,0]     37/19          37/19          9/38           55/38          55/38          91/152         
[0,1,0,0,0,0,0,0,0,0,0,0,0,1,0,0,0,0]     37/19          37/19          4/19           28/19          28/19          11/19          
[0,1,0,0,0,0,0,0,0,0,0,0,1,0,0,0,1,0]     37/19          37/19          9/38           55/38          55/38          91/152         
[0,1,0,0,0,0,0,0,0,0,0,0,1,0,1,0,0,0]     37/19          37/19          9/38           55/38          55/38          91/152         
[0,1,0,0,0,0,0,0,0,0,0,1,0,0,0,0,0,0]     37/19          37/19          4/19           28/19          28/19          11/19          
[0,1,0,0,0,0,0,0,0,0,1,0,0,0,0,0,1,0]     37/19          37/19          9/38           55/38          55/38          91/152         
[0,1,0,0,0,0,0,0,0,0,1,0,0,0,1,0,0,0]     37/19          37/19          9/38           55/38          55/38          91/152         
[0,1,0,0,0,0,0,0,0,0,1,0,1,0,0,0,0,0]     37/19          37/19          9/38           55/38          55/38          91/152         
[0,1,0,0,0,0,0,0,0,1,0,0,0,0,0,0,0,0]     37/19          37/19          4/19           28/19          28/19          11/19          
[0,1,0,0,0,0,0,0,1,0,0,0,0,0,0,0,1,0]     37/19          37/19          9/38           55/38          55/38          91/152         
[0,1,0,0,0,0,0,0,1,0,0,0,0,0,1,0,0,0]     37/19          37/19          9/38           55/38          55/38          91/152         
[0,1,0,0,0,0,0,0,1,0,0,0,1,0,0,0,0,0]     37/19          37/19          9/38           55/38          55/38          91/152         
[0,1,0,0,0,0,0,0,1,0,1,0,0,0,0,0,0,0]     37/19          37/19          9/38           55/38          55/38          91/152         
[0,1,0,0,0,0,0,1,0,0,0,0,0,0,0,0,0,0]     37/19          37/19          4/19           28/19          28/19          11/19          
[0,1,0,0,0,0,1,0,0,0,0,0,0,0,0,0,1,0]     37/19          37/19          9/38           55/38          55/38          91/152         
[0,1,0,0,0,0,1,0,0,0,0,0,0,0,1,0,0,0]     37/19          37/19          9/38           55/38          55/38          91/152         
[0,1,0,0,0,0,1,0,0,0,0,0,1,0,0,0,0,0]     37/19          37/19          9/38           55/38          55/38          91/152         
[0,1,0,0,0,0,1,0,0,0,1,0,0,0,0,0,0,0]     37/19          37/19          9/38           55/38          55/38          91/152         
[0,1,0,0,0,0,1,0,1,0,0,0,0,0,0,0,0,0]     37/19          37/19          9/38           55/38          55/38          91/152         
[0,1,0,0,0,1,0,0,0,0,0,0,0,0,0,0,0,0]     37/19          37/19          4/19           28/19          28/19          11/19          
[0,1,0,0,1,0,0,0,0,0,0,0,0,0,0,0,1,0]     37/19          37/19          9/38           55/38          55/38          91/152         
[0,1,0,0,1,0,0,0,0,0,0,0,0,0,1,0,0,0]     37/19          37/19          9/38           55/38          55/38          91/152         
[0,1,0,0,1,0,0,0,0,0,0,0,1,0,0,0,0,0]     37/19          37/19          9/38           55/38          55/38          91/152         
[0,1,0,0,1,0,0,0,0,0,1,0,0,0,0,0,0,0]     37/19          37/19          9/38           55/38          55/38          91/152         
[0,1,0,0,1,0,0,0,1,0,0,0,0,0,0,0,0,0]     37/19          37/19          9/38           55/38          55/38          91/152         
[0,1,0,0,1,0,1,0,0,0,0,0,0,0,0,0,0,0]     37/19          37/19          9/38           55/38          55/38          91/152         
[0,1,0,1,0,0,0,0,0,0,0,0,0,0,0,0,0,0]     37/19          37/19          4/19           28/19          28/19          11/19          
[0,1,1,0,0,0,0,0,0,0,0,0,0,0,0,0,1,0]     37/19          37/19          9/38           55/38          55/38          91/152         
[0,1,1,0,0,0,0,0,0,0,0,0,0,0,1,0,0,0]     37/19          37/19          9/38           55/38          55/38          91/152         
[0,1,1,0,0,0,0,0,0,0,0,0,1,0,0,0,0,0]     37/19          37/19          9/38           55/38          55/38          91/152         
[0,1,1,0,0,0,0,0,0,0,1,0,0,0,0,0,0,0]     37/19          37/19          9/38           55/38          55/38          91/152         
[0,1,1,0,0,0,0,0,1,0,0,0,0,0,0,0,0,0]     37/19          37/19          9/38           55/38          55/38          91/152         
[0,1,1,0,0,0,1,0,0,0,0,0,0,0,0,0,0,0]     37/19          37/19          9/38           55/38          55/38          91/152         
[0,1,1,0,1,0,0,0,0,0,0,0,0,0,0,0,0,0]     37/19          37/19          9/38           55/38          55/38          91/152         
[1,0,0,0,0,0,0,0,0,0,0,0,0,0,0,0,1,0]     18/19          37/19          5/38           21/38          59/38          41/152         
[1,0,0,0,0,0,0,0,0,0,0,0,0,0,0,1,1,0]     37/19          37/19          9/38           55/38          55/38          91/152         
[1,0,0,0,0,0,0,0,0,0,0,0,0,0,1,0,0,0]     18/19          37/19          5/38           21/38          59/38          41/152         
[1,0,0,0,0,0,0,0,0,0,0,0,0,0,1,0,0,1]     37/19          37/19          9/38           55/38          55/38          91/152         
[1,0,0,0,0,0,0,0,0,0,0,0,0,0,1,0,2,0]     37/19          40/19          11/38          53/38          59/38          97/152         
[1,0,0,0,0,0,0,0,0,0,0,0,0,0,2,0,1,0]     37/19          40/19          11/38          53/38          59/38          97/152         
[1,0,0,0,0,0,0,0,0,0,0,0,0,1,0,0,1,0]     37/19          37/19          9/38           55/38          55/38          91/152         
[1,0,0,0,0,0,0,0,0,0,0,0,0,1,1,0,0,0]     37/19          37/19          9/38           55/38          55/38          91/152         
[1,0,0,0,0,0,0,0,0,0,0,0,1,0,0,0,0,0]     18/19          37/19          5/38           21/38          59/38          41/152         
[1,0,0,0,0,0,0,0,0,0,0,0,1,0,0,0,0,1]     37/19          37/19          9/38           55/38          55/38          91/152         
[1,0,0,0,0,0,0,0,0,0,0,0,1,0,0,0,2,0]     37/19          40/19          11/38          53/38          59/38          97/152         
[1,0,0,0,0,0,0,0,0,0,0,0,1,0,0,1,0,0]     37/19          37/19          9/38           55/38          55/38          91/152         
[1,0,0,0,0,0,0,0,0,0,0,0,1,0,1,0,1,0]     37/19          40/19          5/19           27/19          30/19          47/76          
[1,0,0,0,0,0,0,0,0,0,0,0,1,0,2,0,0,0]     37/19          40/19          11/38          53/38          59/38          97/152         
[1,0,0,0,0,0,0,0,0,0,0,0,2,0,0,0,1,0]     37/19          40/19          11/38          53/38          59/38          97/152         
[1,0,0,0,0,0,0,0,0,0,0,0,2,0,1,0,0,0]     37/19          40/19          11/38          53/38          59/38          97/152         
[1,0,0,0,0,0,0,0,0,0,0,1,0,0,0,0,1,0]     37/19          37/19          9/38           55/38          55/38          91/152         
[1,0,0,0,0,0,0,0,0,0,0,1,0,0,1,0,0,0]     37/19          37/19          9/38           55/38          55/38          91/152         
[1,0,0,0,0,0,0,0,0,0,0,1,1,0,0,0,0,0]     37/19          37/19          9/38           55/38          55/38          91/152         
[1,0,0,0,0,0,0,0,0,0,1,0,0,0,0,0,0,0]     18/19          37/19          5/38           21/38          59/38          41/152         
[1,0,0,0,0,0,0,0,0,0,1,0,0,0,0,0,0,1]     37/19          37/19          9/38           55/38          55/38          91/152         
[1,0,0,0,0,0,0,0,0,0,1,0,0,0,0,0,2,0]     37/19          40/19          11/38          53/38          59/38          97/152         
[1,0,0,0,0,0,0,0,0,0,1,0,0,0,0,1,0,0]     37/19          37/19          9/38           55/38          55/38          91/152         
[1,0,0,0,0,0,0,0,0,0,1,0,0,0,1,0,1,0]     37/19          40/19          5/19           27/19          30/19          47/76          
[1,0,0,0,0,0,0,0,0,0,1,0,0,0,2,0,0,0]     37/19          40/19          11/38          53/38          59/38          97/152         
[1,0,0,0,0,0,0,0,0,0,1,0,0,1,0,0,0,0]     37/19          37/19          9/38           55/38          55/38          91/152         
[1,0,0,0,0,0,0,0,0,0,1,0,1,0,0,0,1,0]     37/19          40/19          5/19           27/19          30/19          47/76          
[1,0,0,0,0,0,0,0,0,0,1,0,1,0,1,0,0,0]     37/19          40/19          5/19           27/19          30/19          47/76          
[1,0,0,0,0,0,0,0,0,0,1,0,2,0,0,0,0,0]     37/19          40/19          11/38          53/38          59/38          97/152         
[1,0,0,0,0,0,0,0,0,0,2,0,0,0,0,0,1,0]     37/19          40/19          11/38          53/38          59/38          97/152         
[1,0,0,0,0,0,0,0,0,0,2,0,0,0,1,0,0,0]     37/19          40/19          11/38          53/38          59/38          97/152         
[1,0,0,0,0,0,0,0,0,0,2,0,1,0,0,0,0,0]     37/19          40/19          11/38          53/38          59/38          97/152         
[1,0,0,0,0,0,0,0,0,1,0,0,0,0,0,0,1,0]     37/19          37/19          9/38           55/38          55/38          91/152         
[1,0,0,0,0,0,0,0,0,1,0,0,0,0,1,0,0,0]     37/19          37/19          9/38           55/38          55/38          91/152         
[1,0,0,0,0,0,0,0,0,1,0,0,1,0,0,0,0,0]     37/19          37/19          9/38           55/38          55/38          91/152         
[1,0,0,0,0,0,0,0,0,1,1,0,0,0,0,0,0,0]     37/19          37/19          9/38           55/38          55/38          91/152         
[1,0,0,0,0,0,0,0,1,0,0,0,0,0,0,0,0,0]     18/19          37/19          5/38           21/38          59/38          41/152         
[1,0,0,0,0,0,0,0,1,0,0,0,0,0,0,0,0,1]     37/19          37/19          9/38           55/38          55/38          91/152         
[1,0,0,0,0,0,0,0,1,0,0,0,0,0,0,0,2,0]     37/19          40/19          11/38          53/38          59/38          97/152         
[1,0,0,0,0,0,0,0,1,0,0,0,0,0,0,1,0,0]     37/19          37/19          9/38           55/38          55/38          91/152         
[1,0,0,0,0,0,0,0,1,0,0,0,0,0,1,0,1,0]     37/19          40/19          5/19           27/19          30/19          47/76          
[1,0,0,0,0,0,0,0,1,0,0,0,0,0,2,0,0,0]     37/19          40/19          11/38          53/38          59/38          97/152         
[1,0,0,0,0,0,0,0,1,0,0,0,0,1,0,0,0,0]     37/19          37/19          9/38           55/38          55/38          91/152         
[1,0,0,0,0,0,0,0,1,0,0,0,1,0,0,0,1,0]     37/19          40/19          5/19           27/19          30/19          47/76          
[1,0,0,0,0,0,0,0,1,0,0,0,1,0,1,0,0,0]     37/19          40/19          5/19           27/19          30/19          47/76          
[1,0,0,0,0,0,0,0,1,0,0,0,2,0,0,0,0,0]     37/19          40/19          11/38          53/38          59/38          97/152         
[1,0,0,0,0,0,0,0,1,0,0,1,0,0,0,0,0,0]     37/19          37/19          9/38           55/38          55/38          91/152         
[1,0,0,0,0,0,0,0,1,0,1,0,0,0,0,0,1,0]     37/19          40/19          5/19           27/19          30/19          47/76          
[1,0,0,0,0,0,0,0,1,0,1,0,0,0,1,0,0,0]     37/19          40/19          5/19           27/19          30/19          47/76          
[1,0,0,0,0,0,0,0,1,0,1,0,1,0,0,0,0,0]     37/19          40/19          5/19           27/19          30/19          47/76          
[1,0,0,0,0,0,0,0,1,0,2,0,0,0,0,0,0,0]     37/19          40/19          11/38          53/38          59/38          97/152         
[1,0,0,0,0,0,0,0,2,0,0,0,0,0,0,0,1,0]     37/19          40/19          11/38          53/38          59/38          97/152         
[1,0,0,0,0,0,0,0,2,0,0,0,0,0,1,0,0,0]     37/19          40/19          11/38          53/38          59/38          97/152         
[1,0,0,0,0,0,0,0,2,0,0,0,1,0,0,0,0,0]     37/19          40/19          11/38          53/38          59/38          97/152         
[1,0,0,0,0,0,0,0,2,0,1,0,0,0,0,0,0,0]     37/19          40/19          11/38          53/38          59/38          97/152         
[1,0,0,0,0,0,0,1,0,0,0,0,0,0,0,0,1,0]     37/19          37/19          9/38           55/38          55/38          91/152         
[1,0,0,0,0,0,0,1,0,0,0,0,0,0,1,0,0,0]     37/19          37/19          9/38           55/38          55/38          91/152         
[1,0,0,0,0,0,0,1,0,0,0,0,1,0,0,0,0,0]     37/19          37/19          9/38           55/38          55/38          91/152         
[1,0,0,0,0,0,0,1,0,0,1,0,0,0,0,0,0,0]     37/19          37/19          9/38           55/38          55/38          91/152         
[1,0,0,0,0,0,0,1,1,0,0,0,0,0,0,0,0,0]     37/19          37/19          9/38           55/38          55/38          91/152         
[1,0,0,0,0,0,1,0,0,0,0,0,0,0,0,0,0,0]     18/19          37/19          5/38           21/38          59/38          41/152         
[1,0,0,0,0,0,1,0,0,0,0,0,0,0,0,0,0,1]     37/19          37/19          9/38           55/38          55/38          91/152         
[1,0,0,0,0,0,1,0,0,0,0,0,0,0,0,0,2,0]     37/19          40/19          11/38          53/38          59/38          97/152         
[1,0,0,0,0,0,1,0,0,0,0,0,0,0,0,1,0,0]     37/19          37/19          9/38           55/38          55/38          91/152         
[1,0,0,0,0,0,1,0,0,0,0,0,0,0,1,0,1,0]     37/19          40/19          5/19           27/19          30/19          47/76          
[1,0,0,0,0,0,1,0,0,0,0,0,0,0,2,0,0,0]     37/19          40/19          11/38          53/38          59/38          97/152         
[1,0,0,0,0,0,1,0,0,0,0,0,0,1,0,0,0,0]     37/19          37/19          9/38           55/38          55/38          91/152         
[1,0,0,0,0,0,1,0,0,0,0,0,1,0,0,0,1,0]     37/19          40/19          5/19           27/19          30/19          47/76          
[1,0,0,0,0,0,1,0,0,0,0,0,1,0,1,0,0,0]     37/19          40/19          5/19           27/19          30/19          47/76          
[1,0,0,0,0,0,1,0,0,0,0,0,2,0,0,0,0,0]     37/19          40/19          11/38          53/38          59/38          97/152         
[1,0,0,0,0,0,1,0,0,0,0,1,0,0,0,0,0,0]     37/19          37/19          9/38           55/38          55/38          91/152         
[1,0,0,0,0,0,1,0,0,0,1,0,0,0,0,0,1,0]     37/19          40/19          5/19           27/19          30/19          47/76          
[1,0,0,0,0,0,1,0,0,0,1,0,0,0,1,0,0,0]     37/19          40/19          5/19           27/19          30/19          47/76          
[1,0,0,0,0,0,1,0,0,0,1,0,1,0,0,0,0,0]     37/19          40/19          5/19           27/19          30/19          47/76          
[1,0,0,0,0,0,1,0,0,0,2,0,0,0,0,0,0,0]     37/19          40/19          11/38          53/38          59/38          97/152         
[1,0,0,0,0,0,1,0,0,1,0,0,0,0,0,0,0,0]     37/19          37/19          9/38           55/38          55/38          91/152         
[1,0,0,0,0,0,1,0,1,0,0,0,0,0,0,0,1,0]     37/19          40/19          5/19           27/19          30/19          47/76          
[1,0,0,0,0,0,1,0,1,0,0,0,0,0,1,0,0,0]     37/19          40/19          5/19           27/19          30/19          47/76          
[1,0,0,0,0,0,1,0,1,0,0,0,1,0,0,0,0,0]     37/19          40/19          5/19           27/19          30/19          47/76          
[1,0,0,0,0,0,1,0,1,0,1,0,0,0,0,0,0,0]     37/19          40/19          5/19           27/19          30/19          47/76          
[1,0,0,0,0,0,1,0,2,0,0,0,0,0,0,0,0,0]     37/19          40/19          11/38          53/38          59/38          97/152         
[1,0,0,0,0,0,2,0,0,0,0,0,0,0,0,0,1,0]     37/19          40/19          11/38          53/38          59/38          97/152         
[1,0,0,0,0,0,2,0,0,0,0,0,0,0,1,0,0,0]     37/19          40/19          11/38          53/38          59/38          97/152         
[1,0,0,0,0,0,2,0,0,0,0,0,1,0,0,0,0,0]     37/19          40/19          11/38          53/38          59/38          97/152         
[1,0,0,0,0,0,2,0,0,0,1,0,0,0,0,0,0,0]     37/19          40/19          11/38          53/38          59/38          97/152         
[1,0,0,0,0,0,2,0,1,0,0,0,0,0,0,0,0,0]     37/19          40/19          11/38          53/38          59/38          97/152         
[1,0,0,0,0,1,0,0,0,0,0,0,0,0,0,0,1,0]     37/19          37/19          9/38           55/38          55/38          91/152         
[1,0,0,0,0,1,0,0,0,0,0,0,0,0,1,0,0,0]     37/19          37/19          9/38           55/38          55/38          91/152         
[1,0,0,0,0,1,0,0,0,0,0,0,1,0,0,0,0,0]     37/19          37/19          9/38           55/38          55/38          91/152         
[1,0,0,0,0,1,0,0,0,0,1,0,0,0,0,0,0,0]     37/19          37/19          9/38           55/38          55/38          91/152         
[1,0,0,0,0,1,0,0,1,0,0,0,0,0,0,0,0,0]     37/19          37/19          9/38           55/38          55/38          91/152         
[1,0,0,0,0,1,1,0,0,0,0,0,0,0,0,0,0,0]     37/19          37/19          9/38           55/38          55/38          91/152         
[1,0,0,0,1,0,0,0,0,0,0,0,0,0,0,0,0,0]     18/19          37/19          5/38           21/38          59/38          41/152         
[1,0,0,0,1,0,0,0,0,0,0,0,0,0,0,0,0,1]     37/19          37/19          9/38           55/38          55/38          91/152         
[1,0,0,0,1,0,0,0,0,0,0,0,0,0,0,0,2,0]     37/19          40/19          11/38          53/38          59/38          97/152         
[1,0,0,0,1,0,0,0,0,0,0,0,0,0,0,1,0,0]     37/19          37/19          9/38           55/38          55/38          91/152         
[1,0,0,0,1,0,0,0,0,0,0,0,0,0,1,0,1,0]     37/19          40/19          5/19           27/19          30/19          47/76          
[1,0,0,0,1,0,0,0,0,0,0,0,0,0,2,0,0,0]     37/19          40/19          11/38          53/38          59/38          97/152         
[1,0,0,0,1,0,0,0,0,0,0,0,0,1,0,0,0,0]     37/19          37/19          9/38           55/38          55/38          91/152         
[1,0,0,0,1,0,0,0,0,0,0,0,1,0,0,0,1,0]     37/19          40/19          5/19           27/19          30/19          47/76          
[1,0,0,0,1,0,0,0,0,0,0,0,1,0,1,0,0,0]     37/19          40/19          5/19           27/19          30/19          47/76          
[1,0,0,0,1,0,0,0,0,0,0,0,2,0,0,0,0,0]     37/19          40/19          11/38          53/38          59/38          97/152         
[1,0,0,0,1,0,0,0,0,0,0,1,0,0,0,0,0,0]     37/19          37/19          9/38           55/38          55/38          91/152         
[1,0,0,0,1,0,0,0,0,0,1,0,0,0,0,0,1,0]     37/19          40/19          5/19           27/19          30/19          47/76          
[1,0,0,0,1,0,0,0,0,0,1,0,0,0,1,0,0,0]     37/19          40/19          5/19           27/19          30/19          47/76          
[1,0,0,0,1,0,0,0,0,0,1,0,1,0,0,0,0,0]     37/19          40/19          5/19           27/19          30/19          47/76          
[1,0,0,0,1,0,0,0,0,0,2,0,0,0,0,0,0,0]     37/19          40/19          11/38          53/38          59/38          97/152         
[1,0,0,0,1,0,0,0,0,1,0,0,0,0,0,0,0,0]     37/19          37/19          9/38           55/38          55/38          91/152         
[1,0,0,0,1,0,0,0,1,0,0,0,0,0,0,0,1,0]     37/19          40/19          5/19           27/19          30/19          47/76          
[1,0,0,0,1,0,0,0,1,0,0,0,0,0,1,0,0,0]     37/19          40/19          5/19           27/19          30/19          47/76          
[1,0,0,0,1,0,0,0,1,0,0,0,1,0,0,0,0,0]     37/19          40/19          5/19           27/19          30/19          47/76          
[1,0,0,0,1,0,0,0,1,0,1,0,0,0,0,0,0,0]     37/19          40/19          5/19           27/19          30/19          47/76          
[1,0,0,0,1,0,0,0,2,0,0,0,0,0,0,0,0,0]     37/19          40/19          11/38          53/38          59/38          97/152         
[1,0,0,0,1,0,0,1,0,0,0,0,0,0,0,0,0,0]     37/19          37/19          9/38           55/38          55/38          91/152         
[1,0,0,0,1,0,1,0,0,0,0,0,0,0,0,0,1,0]     37/19          40/19          5/19           27/19          30/19          47/76          
[1,0,0,0,1,0,1,0,0,0,0,0,0,0,1,0,0,0]     37/19          40/19          5/19           27/19          30/19          47/76          
[1,0,0,0,1,0,1,0,0,0,0,0,1,0,0,0,0,0]     37/19          40/19          5/19           27/19          30/19          47/76          
[1,0,0,0,1,0,1,0,0,0,1,0,0,0,0,0,0,0]     37/19          40/19          5/19           27/19          30/19          47/76          
[1,0,0,0,1,0,1,0,1,0,0,0,0,0,0,0,0,0]     37/19          40/19          5/19           27/19          30/19          47/76          
[1,0,0,0,1,0,2,0,0,0,0,0,0,0,0,0,0,0]     37/19          40/19          11/38          53/38          59/38          97/152         
[1,0,0,0,2,0,0,0,0,0,0,0,0,0,0,0,1,0]     37/19          40/19          11/38          53/38          59/38          97/152         
[1,0,0,0,2,0,0,0,0,0,0,0,0,0,1,0,0,0]     37/19          40/19          11/38          53/38          59/38          97/152         
[1,0,0,0,2,0,0,0,0,0,0,0,1,0,0,0,0,0]     37/19          40/19          11/38          53/38          59/38          97/152         
[1,0,0,0,2,0,0,0,0,0,1,0,0,0,0,0,0,0]     37/19          40/19          11/38          53/38          59/38          97/152         
[1,0,0,0,2,0,0,0,1,0,0,0,0,0,0,0,0,0]     37/19          40/19          11/38          53/38          59/38          97/152         
[1,0,0,0,2,0,1,0,0,0,0,0,0,0,0,0,0,0]     37/19          40/19          11/38          53/38          59/38          97/152         
[1,0,0,1,0,0,0,0,0,0,0,0,0,0,0,0,1,0]     37/19          37/19          9/38           55/38          55/38          91/152         
[1,0,0,1,0,0,0,0,0,0,0,0,0,0,1,0,0,0]     37/19          37/19          9/38           55/38          55/38          91/152         
[1,0,0,1,0,0,0,0,0,0,0,0,1,0,0,0,0,0]     37/19          37/19          9/38           55/38          55/38          91/152         
[1,0,0,1,0,0,0,0,0,0,1,0,0,0,0,0,0,0]     37/19          37/19          9/38           55/38          55/38          91/152         
[1,0,0,1,0,0,0,0,1,0,0,0,0,0,0,0,0,0]     37/19          37/19          9/38           55/38          55/38          91/152         
[1,0,0,1,0,0,1,0,0,0,0,0,0,0,0,0,0,0]     37/19          37/19          9/38           55/38          55/38          91/152         
[1,0,0,1,1,0,0,0,0,0,0,0,0,0,0,0,0,0]     37/19          37/19          9/38           55/38          55/38          91/152         
[1,0,1,0,0,0,0,0,0,0,0,0,0,0,0,0,0,0]     18/19          37/19          5/38           21/38          59/38          41/152         
[1,0,1,0,0,0,0,0,0,0,0,0,0,0,0,0,0,1]     37/19          37/19          9/38           55/38          55/38          91/152         
[1,0,1,0,0,0,0,0,0,0,0,0,0,0,0,0,2,0]     37/19          40/19          11/38          53/38          59/38          97/152         
[1,0,1,0,0,0,0,0,0,0,0,0,0,0,0,1,0,0]     37/19          37/19          9/38           55/38          55/38          91/152         
[1,0,1,0,0,0,0,0,0,0,0,0,0,0,1,0,1,0]     37/19          40/19          5/19           27/19          30/19          47/76          
[1,0,1,0,0,0,0,0,0,0,0,0,0,0,2,0,0,0]     37/19          40/19          11/38          53/38          59/38          97/152         
[1,0,1,0,0,0,0,0,0,0,0,0,0,1,0,0,0,0]     37/19          37/19          9/38           55/38          55/38          91/152         
[1,0,1,0,0,0,0,0,0,0,0,0,1,0,0,0,1,0]     37/19          40/19          5/19           27/19          30/19          47/76          
[1,0,1,0,0,0,0,0,0,0,0,0,1,0,1,0,0,0]     37/19          40/19          5/19           27/19          30/19          47/76          
[1,0,1,0,0,0,0,0,0,0,0,0,2,0,0,0,0,0]     37/19          40/19          11/38          53/38          59/38          97/152         
[1,0,1,0,0,0,0,0,0,0,0,1,0,0,0,0,0,0]     37/19          37/19          9/38           55/38          55/38          91/152         
[1,0,1,0,0,0,0,0,0,0,1,0,0,0,0,0,1,0]     37/19          40/19          5/19           27/19          30/19          47/76          
[1,0,1,0,0,0,0,0,0,0,1,0,0,0,1,0,0,0]     37/19          40/19          5/19           27/19          30/19          47/76          
[1,0,1,0,0,0,0,0,0,0,1,0,1,0,0,0,0,0]     37/19          40/19          5/19           27/19          30/19          47/76          
[1,0,1,0,0,0,0,0,0,0,2,0,0,0,0,0,0,0]     37/19          40/19          11/38          53/38          59/38          97/152         
[1,0,1,0,0,0,0,0,0,1,0,0,0,0,0,0,0,0]     37/19          37/19          9/38           55/38          55/38          91/152         
[1,0,1,0,0,0,0,0,1,0,0,0,0,0,0,0,1,0]     37/19          40/19          5/19           27/19          30/19          47/76          
[1,0,1,0,0,0,0,0,1,0,0,0,0,0,1,0,0,0]     37/19          40/19          5/19           27/19          30/19          47/76          
[1,0,1,0,0,0,0,0,1,0,0,0,1,0,0,0,0,0]     37/19          40/19          5/19           27/19          30/19          47/76          
[1,0,1,0,0,0,0,0,1,0,1,0,0,0,0,0,0,0]     37/19          40/19          5/19           27/19          30/19          47/76          
[1,0,1,0,0,0,0,0,2,0,0,0,0,0,0,0,0,0]     37/19          40/19          11/38          53/38          59/38          97/152         
[1,0,1,0,0,0,0,1,0,0,0,0,0,0,0,0,0,0]     37/19          37/19          9/38           55/38          55/38          91/152         
[1,0,1,0,0,0,1,0,0,0,0,0,0,0,0,0,1,0]     37/19          40/19          5/19           27/19          30/19          47/76          
[1,0,1,0,0,0,1,0,0,0,0,0,0,0,1,0,0,0]     37/19          40/19          5/19           27/19          30/19          47/76          
[1,0,1,0,0,0,1,0,0,0,0,0,1,0,0,0,0,0]     37/19          40/19          5/19           27/19          30/19          47/76          
[1,0,1,0,0,0,1,0,0,0,1,0,0,0,0,0,0,0]     37/19          40/19          5/19           27/19          30/19          47/76          
[1,0,1,0,0,0,1,0,1,0,0,0,0,0,0,0,0,0]     37/19          40/19          5/19           27/19          30/19          47/76          
[1,0,1,0,0,0,2,0,0,0,0,0,0,0,0,0,0,0]     37/19          40/19          11/38          53/38          59/38          97/152         
[1,0,1,0,0,1,0,0,0,0,0,0,0,0,0,0,0,0]     37/19          37/19          9/38           55/38          55/38          91/152         
[1,0,1,0,1,0,0,0,0,0,0,0,0,0,0,0,1,0]     37/19          40/19          5/19           27/19          30/19          47/76          
[1,0,1,0,1,0,0,0,0,0,0,0,0,0,1,0,0,0]     37/19          40/19          5/19           27/19          30/19          47/76          
[1,0,1,0,1,0,0,0,0,0,0,0,1,0,0,0,0,0]     37/19          40/19          5/19           27/19          30/19          47/76          
[1,0,1,0,1,0,0,0,0,0,1,0,0,0,0,0,0,0]     37/19          40/19          5/19           27/19          30/19          47/76          
[1,0,1,0,1,0,0,0,1,0,0,0,0,0,0,0,0,0]     37/19          40/19          5/19           27/19          30/19          47/76          
[1,0,1,0,1,0,1,0,0,0,0,0,0,0,0,0,0,0]     37/19          40/19          5/19           27/19          30/19          47/76          
[1,0,1,0,2,0,0,0,0,0,0,0,0,0,0,0,0,0]     37/19          40/19          11/38          53/38          59/38          97/152         
[1,0,2,0,0,0,0,0,0,0,0,0,0,0,0,0,1,0]     37/19          40/19          11/38          53/38          59/38          97/152         
[1,0,2,0,0,0,0,0,0,0,0,0,0,0,1,0,0,0]     37/19          40/19          11/38          53/38          59/38          97/152         
[1,0,2,0,0,0,0,0,0,0,0,0,1,0,0,0,0,0]     37/19          40/19          11/38          53/38          59/38          97/152         
[1,0,2,0,0,0,0,0,0,0,1,0,0,0,0,0,0,0]     37/19          40/19          11/38          53/38          59/38          97/152         
[1,0,2,0,0,0,0,0,1,0,0,0,0,0,0,0,0,0]     37/19          40/19          11/38          53/38          59/38          97/152         
[1,0,2,0,0,0,1,0,0,0,0,0,0,0,0,0,0,0]     37/19          40/19          11/38          53/38          59/38          97/152         
[1,0,2,0,1,0,0,0,0,0,0,0,0,0,0,0,0,0]     37/19          40/19          11/38          53/38          59/38          97/152         
[2,0,0,0,0,0,0,0,0,0,0,0,0,0,0,0,2,0]     37/19          40/19          6/19           26/19          29/19          25/38          
[2,0,0,0,0,0,0,0,0,0,0,0,0,0,1,0,1,0]     37/19          40/19          11/38          53/38          59/38          97/152         
[2,0,0,0,0,0,0,0,0,0,0,0,0,0,2,0,0,0]     37/19          40/19          6/19           26/19          29/19          25/38          
[2,0,0,0,0,0,0,0,0,0,0,0,1,0,0,0,1,0]     37/19          40/19          11/38          53/38          59/38          97/152         
[2,0,0,0,0,0,0,0,0,0,0,0,1,0,1,0,0,0]     37/19          40/19          11/38          53/38          59/38          97/152         
[2,0,0,0,0,0,0,0,0,0,0,0,2,0,0,0,0,0]     37/19          40/19          6/19           26/19          29/19          25/38          
[2,0,0,0,0,0,0,0,0,0,1,0,0,0,0,0,1,0]     37/19          40/19          11/38          53/38          59/38          97/152         
[2,0,0,0,0,0,0,0,0,0,1,0,0,0,1,0,0,0]     37/19          40/19          11/38          53/38          59/38          97/152         
[2,0,0,0,0,0,0,0,0,0,1,0,1,0,0,0,0,0]     37/19          40/19          11/38          53/38          59/38          97/152         
[2,0,0,0,0,0,0,0,0,0,2,0,0,0,0,0,0,0]     37/19          40/19          6/19           26/19          29/19          25/38          
[2,0,0,0,0,0,0,0,1,0,0,0,0,0,0,0,1,0]     37/19          40/19          11/38          53/38          59/38          97/152         
[2,0,0,0,0,0,0,0,1,0,0,0,0,0,1,0,0,0]     37/19          40/19          11/38          53/38          59/38          97/152         
[2,0,0,0,0,0,0,0,1,0,0,0,1,0,0,0,0,0]     37/19          40/19          11/38          53/38          59/38          97/152         
[2,0,0,0,0,0,0,0,1,0,1,0,0,0,0,0,0,0]     37/19          40/19          11/38          53/38          59/38          97/152         
[2,0,0,0,0,0,0,0,2,0,0,0,0,0,0,0,0,0]     37/19          40/19          6/19           26/19          29/19          25/38          
[2,0,0,0,0,0,1,0,0,0,0,0,0,0,0,0,1,0]     37/19          40/19          11/38          53/38          59/38          97/152         
[2,0,0,0,0,0,1,0,0,0,0,0,0,0,1,0,0,0]     37/19          40/19          11/38          53/38          59/38          97/152         
