====== Sym2LowerBounds (2023/01/26, 14:30) for G=C18, H=C3C3C3C3C3C3======

LiE isotropy representation:      1X[0,0,0,0,0,0,0,0,0,0,0,0,1,0,0,1,0,0] +
     1X[0,0,0,0,0,0,0,0,0,1,0,0,0,0,0,1,0,0] +
     1X[0,0,0,0,0,0,0,0,0,1,0,0,1,0,0,0,0,0] +
     1X[0,0,0,0,0,0,1,0,0,0,0,0,0,0,0,1,0,0] +
     1X[0,0,0,0,0,0,1,0,0,0,0,0,1,0,0,0,0,0] +
     1X[0,0,0,0,0,0,1,0,0,1,0,0,0,0,0,0,0,0] +
     1X[0,0,0,1,0,0,0,0,0,0,0,0,0,0,0,1,0,0] +
     1X[0,0,0,1,0,0,0,0,0,0,0,0,1,0,0,0,0,0] +
     1X[0,0,0,1,0,0,0,0,0,1,0,0,0,0,0,0,0,0] +
     1X[0,0,0,1,0,0,1,0,0,0,0,0,0,0,0,0,0,0] +
     1X[1,0,0,0,0,0,0,0,0,0,0,0,0,0,0,1,0,0] +
     1X[1,0,0,0,0,0,0,0,0,0,0,0,1,0,0,0,0,0] +
     1X[1,0,0,0,0,0,0,0,0,1,0,0,0,0,0,0,0,0] +
     1X[1,0,0,0,0,0,1,0,0,0,0,0,0,0,0,0,0,0] +
     1X[1,0,0,1,0,0,0,0,0,0,0,0,0,0,0,0,0,0]
Einstein constant: E=13/38
Isotype in Sym^2_0                        CasGMin        CasGMax        CasH           A*AMin         A*AMax         q(R)Min        
[0,0,0,0,0,0,0,0,0,0,0,0,0,0,0,0,0,0]     18/19          37/19          0              11/19          30/19          11/76          
[0,0,0,0,0,0,0,0,0,0,0,0,0,0,0,0,1,0]     18/19          37/19          3/19           8/19           27/19          5/19           
[0,0,0,0,0,0,0,0,0,0,0,0,0,1,0,0,0,0]     18/19          37/19          3/19           8/19           27/19          5/19           
[0,0,0,0,0,0,0,0,0,0,0,0,0,1,0,0,1,0]     37/19          37/19          6/19           24/19          24/19          12/19          
[0,0,0,0,0,0,0,0,0,0,0,0,1,0,0,1,0,0]     18/19          37/19          7/38           15/38          53/38          43/152         
[0,0,0,0,0,0,0,0,0,0,0,0,2,0,0,2,0,0]     37/19          40/19          8/19           22/19          25/19          27/38          
[0,0,0,0,0,0,0,0,0,0,1,0,0,0,0,0,0,0]     18/19          37/19          3/19           8/19           27/19          5/19           
[0,0,0,0,0,0,0,0,0,0,1,0,0,0,0,0,1,0]     37/19          37/19          6/19           24/19          24/19          12/19          
[0,0,0,0,0,0,0,0,0,0,1,0,0,1,0,0,0,0]     37/19          37/19          6/19           24/19          24/19          12/19          
[0,0,0,0,0,0,0,0,0,0,1,0,1,0,0,1,0,0]     37/19          37/19          13/38          47/38          47/38          99/152         
[0,0,0,0,0,0,0,0,0,1,0,0,0,0,0,1,0,0]     18/19          37/19          7/38           15/38          53/38          43/152         
[0,0,0,0,0,0,0,0,0,1,0,0,0,1,0,1,0,0]     37/19          37/19          13/38          47/38          47/38          99/152         
[0,0,0,0,0,0,0,0,0,1,0,0,1,0,0,0,0,0]     18/19          37/19          7/38           15/38          53/38          43/152         
[0,0,0,0,0,0,0,0,0,1,0,0,1,0,0,0,1,0]     37/19          37/19          13/38          47/38          47/38          99/152         
[0,0,0,0,0,0,0,0,0,1,0,0,1,0,0,2,0,0]     37/19          40/19          15/38          45/38          51/38          105/152        
[0,0,0,0,0,0,0,0,0,1,0,0,2,0,0,1,0,0]     37/19          40/19          15/38          45/38          51/38          105/152        
[0,0,0,0,0,0,0,0,0,2,0,0,0,0,0,2,0,0]     37/19          40/19          8/19           22/19          25/19          27/38          
[0,0,0,0,0,0,0,0,0,2,0,0,1,0,0,1,0,0]     37/19          40/19          15/38          45/38          51/38          105/152        
[0,0,0,0,0,0,0,0,0,2,0,0,2,0,0,0,0,0]     37/19          40/19          8/19           22/19          25/19          27/38          
[0,0,0,0,0,0,0,1,0,0,0,0,0,0,0,0,0,0]     18/19          37/19          3/19           8/19           27/19          5/19           
[0,0,0,0,0,0,0,1,0,0,0,0,0,0,0,0,1,0]     37/19          37/19          6/19           24/19          24/19          12/19          
[0,0,0,0,0,0,0,1,0,0,0,0,0,1,0,0,0,0]     37/19          37/19          6/19           24/19          24/19          12/19          
[0,0,0,0,0,0,0,1,0,0,0,0,1,0,0,1,0,0]     37/19          37/19          13/38          47/38          47/38          99/152         
[0,0,0,0,0,0,0,1,0,0,1,0,0,0,0,0,0,0]     37/19          37/19          6/19           24/19          24/19          12/19          
[0,0,0,0,0,0,0,1,0,1,0,0,0,0,0,1,0,0]     37/19          37/19          13/38          47/38          47/38          99/152         
[0,0,0,0,0,0,0,1,0,1,0,0,1,0,0,0,0,0]     37/19          37/19          13/38          47/38          47/38          99/152         
[0,0,0,0,0,0,1,0,0,0,0,0,0,0,0,1,0,0]     18/19          37/19          7/38           15/38          53/38          43/152         
[0,0,0,0,0,0,1,0,0,0,0,0,0,1,0,1,0,0]     37/19          37/19          13/38          47/38          47/38          99/152         
[0,0,0,0,0,0,1,0,0,0,0,0,1,0,0,0,0,0]     18/19          37/19          7/38           15/38          53/38          43/152         
[0,0,0,0,0,0,1,0,0,0,0,0,1,0,0,0,1,0]     37/19          37/19          13/38          47/38          47/38          99/152         
[0,0,0,0,0,0,1,0,0,0,0,0,1,0,0,2,0,0]     37/19          40/19          15/38          45/38          51/38          105/152        
[0,0,0,0,0,0,1,0,0,0,0,0,2,0,0,1,0,0]     37/19          40/19          15/38          45/38          51/38          105/152        
[0,0,0,0,0,0,1,0,0,0,1,0,0,0,0,1,0,0]     37/19          37/19          13/38          47/38          47/38          99/152         
[0,0,0,0,0,0,1,0,0,0,1,0,1,0,0,0,0,0]     37/19          37/19          13/38          47/38          47/38          99/152         
[0,0,0,0,0,0,1,0,0,1,0,0,0,0,0,0,0,0]     18/19          37/19          7/38           15/38          53/38          43/152         
[0,0,0,0,0,0,1,0,0,1,0,0,0,0,0,0,1,0]     37/19          37/19          13/38          47/38          47/38          99/152         
[0,0,0,0,0,0,1,0,0,1,0,0,0,0,0,2,0,0]     37/19          40/19          15/38          45/38          51/38          105/152        
[0,0,0,0,0,0,1,0,0,1,0,0,0,1,0,0,0,0]     37/19          37/19          13/38          47/38          47/38          99/152         
[0,0,0,0,0,0,1,0,0,1,0,0,1,0,0,1,0,0]     37/19          40/19          7/19           23/19          26/19          51/76          
[0,0,0,0,0,0,1,0,0,1,0,0,2,0,0,0,0,0]     37/19          40/19          15/38          45/38          51/38          105/152        
[0,0,0,0,0,0,1,0,0,2,0,0,0,0,0,1,0,0]     37/19          40/19          15/38          45/38          51/38          105/152        
[0,0,0,0,0,0,1,0,0,2,0,0,1,0,0,0,0,0]     37/19          40/19          15/38          45/38          51/38          105/152        
[0,0,0,0,0,0,2,0,0,0,0,0,0,0,0,2,0,0]     37/19          40/19          8/19           22/19          25/19          27/38          
[0,0,0,0,0,0,2,0,0,0,0,0,1,0,0,1,0,0]     37/19          40/19          15/38          45/38          51/38          105/152        
[0,0,0,0,0,0,2,0,0,0,0,0,2,0,0,0,0,0]     37/19          40/19          8/19           22/19          25/19          27/38          
[0,0,0,0,0,0,2,0,0,1,0,0,0,0,0,1,0,0]     37/19          40/19          15/38          45/38          51/38          105/152        
[0,0,0,0,0,0,2,0,0,1,0,0,1,0,0,0,0,0]     37/19          40/19          15/38          45/38          51/38          105/152        
[0,0,0,0,0,0,2,0,0,2,0,0,0,0,0,0,0,0]     37/19          40/19          8/19           22/19          25/19          27/38          
[0,0,0,0,1,0,0,0,0,0,0,0,0,0,0,0,0,0]     18/19          37/19          3/19           8/19           27/19          5/19           
[0,0,0,0,1,0,0,0,0,0,0,0,0,0,0,0,1,0]     37/19          37/19          6/19           24/19          24/19          12/19          
[0,0,0,0,1,0,0,0,0,0,0,0,0,1,0,0,0,0]     37/19          37/19          6/19           24/19          24/19          12/19          
[0,0,0,0,1,0,0,0,0,0,0,0,1,0,0,1,0,0]     37/19          37/19          13/38          47/38          47/38          99/152         
[0,0,0,0,1,0,0,0,0,0,1,0,0,0,0,0,0,0]     37/19          37/19          6/19           24/19          24/19          12/19          
[0,0,0,0,1,0,0,0,0,1,0,0,0,0,0,1,0,0]     37/19          37/19          13/38          47/38          47/38          99/152         
[0,0,0,0,1,0,0,0,0,1,0,0,1,0,0,0,0,0]     37/19          37/19          13/38          47/38          47/38          99/152         
[0,0,0,0,1,0,0,1,0,0,0,0,0,0,0,0,0,0]     37/19          37/19          6/19           24/19          24/19          12/19          
[0,0,0,0,1,0,1,0,0,0,0,0,0,0,0,1,0,0]     37/19          37/19          13/38          47/38          47/38          99/152         
[0,0,0,0,1,0,1,0,0,0,0,0,1,0,0,0,0,0]     37/19          37/19          13/38          47/38          47/38          99/152         
[0,0,0,0,1,0,1,0,0,1,0,0,0,0,0,0,0,0]     37/19          37/19          13/38          47/38          47/38          99/152         
[0,0,0,1,0,0,0,0,0,0,0,0,0,0,0,1,0,0]     18/19          37/19          7/38           15/38          53/38          43/152         
[0,0,0,1,0,0,0,0,0,0,0,0,0,1,0,1,0,0]     37/19          37/19          13/38          47/38          47/38          99/152         
[0,0,0,1,0,0,0,0,0,0,0,0,1,0,0,0,0,0]     18/19          37/19          7/38           15/38          53/38          43/152         
[0,0,0,1,0,0,0,0,0,0,0,0,1,0,0,0,1,0]     37/19          37/19          13/38          47/38          47/38          99/152         
[0,0,0,1,0,0,0,0,0,0,0,0,1,0,0,2,0,0]     37/19          40/19          15/38          45/38          51/38          105/152        
[0,0,0,1,0,0,0,0,0,0,0,0,2,0,0,1,0,0]     37/19          40/19          15/38          45/38          51/38          105/152        
[0,0,0,1,0,0,0,0,0,0,1,0,0,0,0,1,0,0]     37/19          37/19          13/38          47/38          47/38          99/152         
[0,0,0,1,0,0,0,0,0,0,1,0,1,0,0,0,0,0]     37/19          37/19          13/38          47/38          47/38          99/152         
[0,0,0,1,0,0,0,0,0,1,0,0,0,0,0,0,0,0]     18/19          37/19          7/38           15/38          53/38          43/152         
[0,0,0,1,0,0,0,0,0,1,0,0,0,0,0,0,1,0]     37/19          37/19          13/38          47/38          47/38          99/152         
[0,0,0,1,0,0,0,0,0,1,0,0,0,0,0,2,0,0]     37/19          40/19          15/38          45/38          51/38          105/152        
[0,0,0,1,0,0,0,0,0,1,0,0,0,1,0,0,0,0]     37/19          37/19          13/38          47/38          47/38          99/152         
[0,0,0,1,0,0,0,0,0,1,0,0,1,0,0,1,0,0]     37/19          40/19          7/19           23/19          26/19          51/76          
[0,0,0,1,0,0,0,0,0,1,0,0,2,0,0,0,0,0]     37/19          40/19          15/38          45/38          51/38          105/152        
[0,0,0,1,0,0,0,0,0,2,0,0,0,0,0,1,0,0]     37/19          40/19          15/38          45/38          51/38          105/152        
[0,0,0,1,0,0,0,0,0,2,0,0,1,0,0,0,0,0]     37/19          40/19          15/38          45/38          51/38          105/152        
[0,0,0,1,0,0,0,1,0,0,0,0,0,0,0,1,0,0]     37/19          37/19          13/38          47/38          47/38          99/152         
[0,0,0,1,0,0,0,1,0,0,0,0,1,0,0,0,0,0]     37/19          37/19          13/38          47/38          47/38          99/152         
[0,0,0,1,0,0,0,1,0,1,0,0,0,0,0,0,0,0]     37/19          37/19          13/38          47/38          47/38          99/152         
[0,0,0,1,0,0,1,0,0,0,0,0,0,0,0,0,0,0]     18/19          37/19          7/38           15/38          53/38          43/152         
[0,0,0,1,0,0,1,0,0,0,0,0,0,0,0,0,1,0]     37/19          37/19          13/38          47/38          47/38          99/152         
[0,0,0,1,0,0,1,0,0,0,0,0,0,0,0,2,0,0]     37/19          40/19          15/38          45/38          51/38          105/152        
[0,0,0,1,0,0,1,0,0,0,0,0,0,1,0,0,0,0]     37/19          37/19          13/38          47/38          47/38          99/152         
[0,0,0,1,0,0,1,0,0,0,0,0,1,0,0,1,0,0]     37/19          40/19          7/19           23/19          26/19          51/76          
[0,0,0,1,0,0,1,0,0,0,0,0,2,0,0,0,0,0]     37/19          40/19          15/38          45/38          51/38          105/152        
[0,0,0,1,0,0,1,0,0,0,1,0,0,0,0,0,0,0]     37/19          37/19          13/38          47/38          47/38          99/152         
[0,0,0,1,0,0,1,0,0,1,0,0,0,0,0,1,0,0]     37/19          40/19          7/19           23/19          26/19          51/76          
[0,0,0,1,0,0,1,0,0,1,0,0,1,0,0,0,0,0]     37/19          40/19          7/19           23/19          26/19          51/76          
[0,0,0,1,0,0,1,0,0,2,0,0,0,0,0,0,0,0]     37/19          40/19          15/38          45/38          51/38          105/152        
[0,0,0,1,0,0,2,0,0,0,0,0,0,0,0,1,0,0]     37/19          40/19          15/38          45/38          51/38          105/152        
[0,0,0,1,0,0,2,0,0,0,0,0,1,0,0,0,0,0]     37/19          40/19          15/38          45/38          51/38          105/152        
[0,0,0,1,0,0,2,0,0,1,0,0,0,0,0,0,0,0]     37/19          40/19          15/38          45/38          51/38          105/152        
[0,0,0,2,0,0,0,0,0,0,0,0,0,0,0,2,0,0]     37/19          40/19          8/19           22/19          25/19          27/38          
[0,0,0,2,0,0,0,0,0,0,0,0,1,0,0,1,0,0]     37/19          40/19          15/38          45/38          51/38          105/152        
[0,0,0,2,0,0,0,0,0,0,0,0,2,0,0,0,0,0]     37/19          40/19          8/19           22/19          25/19          27/38          
[0,0,0,2,0,0,0,0,0,1,0,0,0,0,0,1,0,0]     37/19          40/19          15/38          45/38          51/38          105/152        
[0,0,0,2,0,0,0,0,0,1,0,0,1,0,0,0,0,0]     37/19          40/19          15/38          45/38          51/38          105/152        
[0,0,0,2,0,0,0,0,0,2,0,0,0,0,0,0,0,0]     37/19          40/19          8/19           22/19          25/19          27/38          
[0,0,0,2,0,0,1,0,0,0,0,0,0,0,0,1,0,0]     37/19          40/19          15/38          45/38          51/38          105/152        
[0,0,0,2,0,0,1,0,0,0,0,0,1,0,0,0,0,0]     37/19          40/19          15/38          45/38          51/38          105/152        
[0,0,0,2,0,0,1,0,0,1,0,0,0,0,0,0,0,0]     37/19          40/19          15/38          45/38          51/38          105/152        
[0,0,0,2,0,0,2,0,0,0,0,0,0,0,0,0,0,0]     37/19          40/19          8/19           22/19          25/19          27/38          
[0,1,0,0,0,0,0,0,0,0,0,0,0,0,0,0,0,0]     18/19          37/19          3/19           8/19           27/19          5/19           
[0,1,0,0,0,0,0,0,0,0,0,0,0,0,0,0,1,0]     37/19          37/19          6/19           24/19          24/19          12/19          
[0,1,0,0,0,0,0,0,0,0,0,0,0,1,0,0,0,0]     37/19          37/19          6/19           24/19          24/19          12/19          
[0,1,0,0,0,0,0,0,0,0,0,0,1,0,0,1,0,0]     37/19          37/19          13/38          47/38          47/38          99/152         
[0,1,0,0,0,0,0,0,0,0,1,0,0,0,0,0,0,0]     37/19          37/19          6/19           24/19          24/19          12/19          
[0,1,0,0,0,0,0,0,0,1,0,0,0,0,0,1,0,0]     37/19          37/19          13/38          47/38          47/38          99/152         
[0,1,0,0,0,0,0,0,0,1,0,0,1,0,0,0,0,0]     37/19          37/19          13/38          47/38          47/38          99/152         
[0,1,0,0,0,0,0,1,0,0,0,0,0,0,0,0,0,0]     37/19          37/19          6/19           24/19          24/19          12/19          
[0,1,0,0,0,0,1,0,0,0,0,0,0,0,0,1,0,0]     37/19          37/19          13/38          47/38          47/38          99/152         
[0,1,0,0,0,0,1,0,0,0,0,0,1,0,0,0,0,0]     37/19          37/19          13/38          47/38          47/38          99/152         
[0,1,0,0,0,0,1,0,0,1,0,0,0,0,0,0,0,0]     37/19          37/19          13/38          47/38          47/38          99/152         
[0,1,0,0,1,0,0,0,0,0,0,0,0,0,0,0,0,0]     37/19          37/19          6/19           24/19          24/19          12/19          
[0,1,0,1,0,0,0,0,0,0,0,0,0,0,0,1,0,0]     37/19          37/19          13/38          47/38          47/38          99/152         
[0,1,0,1,0,0,0,0,0,0,0,0,1,0,0,0,0,0]     37/19          37/19          13/38          47/38          47/38          99/152         
[0,1,0,1,0,0,0,0,0,1,0,0,0,0,0,0,0,0]     37/19          37/19          13/38          47/38          47/38          99/152         
[0,1,0,1,0,0,1,0,0,0,0,0,0,0,0,0,0,0]     37/19          37/19          13/38          47/38          47/38          99/152         
[1,0,0,0,0,0,0,0,0,0,0,0,0,0,0,1,0,0]     18/19          37/19          7/38           15/38          53/38          43/152         
[1,0,0,0,0,0,0,0,0,0,0,0,0,1,0,1,0,0]     37/19          37/19          13/38          47/38          47/38          99/152         
[1,0,0,0,0,0,0,0,0,0,0,0,1,0,0,0,0,0]     18/19          37/19          7/38           15/38          53/38          43/152         
[1,0,0,0,0,0,0,0,0,0,0,0,1,0,0,0,1,0]     37/19          37/19          13/38          47/38          47/38          99/152         
[1,0,0,0,0,0,0,0,0,0,0,0,1,0,0,2,0,0]     37/19          40/19          15/38          45/38          51/38          105/152        
[1,0,0,0,0,0,0,0,0,0,0,0,2,0,0,1,0,0]     37/19          40/19          15/38          45/38          51/38          105/152        
[1,0,0,0,0,0,0,0,0,0,1,0,0,0,0,1,0,0]     37/19          37/19          13/38          47/38          47/38          99/152         
[1,0,0,0,0,0,0,0,0,0,1,0,1,0,0,0,0,0]     37/19          37/19          13/38          47/38          47/38          99/152         
[1,0,0,0,0,0,0,0,0,1,0,0,0,0,0,0,0,0]     18/19          37/19          7/38           15/38          53/38          43/152         
[1,0,0,0,0,0,0,0,0,1,0,0,0,0,0,0,1,0]     37/19          37/19          13/38          47/38          47/38          99/152         
[1,0,0,0,0,0,0,0,0,1,0,0,0,0,0,2,0,0]     37/19          40/19          15/38          45/38          51/38          105/152        
[1,0,0,0,0,0,0,0,0,1,0,0,0,1,0,0,0,0]     37/19          37/19          13/38          47/38          47/38          99/152         
[1,0,0,0,0,0,0,0,0,1,0,0,1,0,0,1,0,0]     37/19          40/19          7/19           23/19          26/19          51/76          
[1,0,0,0,0,0,0,0,0,1,0,0,2,0,0,0,0,0]     37/19          40/19          15/38          45/38          51/38          105/152        
[1,0,0,0,0,0,0,0,0,2,0,0,0,0,0,1,0,0]     37/19          40/19          15/38          45/38          51/38          105/152        
[1,0,0,0,0,0,0,0,0,2,0,0,1,0,0,0,0,0]     37/19          40/19          15/38          45/38          51/38          105/152        
[1,0,0,0,0,0,0,1,0,0,0,0,0,0,0,1,0,0]     37/19          37/19          13/38          47/38          47/38          99/152         
[1,0,0,0,0,0,0,1,0,0,0,0,1,0,0,0,0,0]     37/19          37/19          13/38          47/38          47/38          99/152         
[1,0,0,0,0,0,0,1,0,1,0,0,0,0,0,0,0,0]     37/19          37/19          13/38          47/38          47/38          99/152         
[1,0,0,0,0,0,1,0,0,0,0,0,0,0,0,0,0,0]     18/19          37/19          7/38           15/38          53/38          43/152         
[1,0,0,0,0,0,1,0,0,0,0,0,0,0,0,0,1,0]     37/19          37/19          13/38          47/38          47/38          99/152         
[1,0,0,0,0,0,1,0,0,0,0,0,0,0,0,2,0,0]     37/19          40/19          15/38          45/38          51/38          105/152        
[1,0,0,0,0,0,1,0,0,0,0,0,0,1,0,0,0,0]     37/19          37/19          13/38          47/38          47/38          99/152         
[1,0,0,0,0,0,1,0,0,0,0,0,1,0,0,1,0,0]     37/19          40/19          7/19           23/19          26/19          51/76          
[1,0,0,0,0,0,1,0,0,0,0,0,2,0,0,0,0,0]     37/19          40/19          15/38          45/38          51/38          105/152        
[1,0,0,0,0,0,1,0,0,0,1,0,0,0,0,0,0,0]     37/19          37/19          13/38          47/38          47/38          99/152         
[1,0,0,0,0,0,1,0,0,1,0,0,0,0,0,1,0,0]     37/19          40/19          7/19           23/19          26/19          51/76          
[1,0,0,0,0,0,1,0,0,1,0,0,1,0,0,0,0,0]     37/19          40/19          7/19           23/19          26/19          51/76          
[1,0,0,0,0,0,1,0,0,2,0,0,0,0,0,0,0,0]     37/19          40/19          15/38          45/38          51/38          105/152        
[1,0,0,0,0,0,2,0,0,0,0,0,0,0,0,1,0,0]     37/19          40/19          15/38          45/38          51/38          105/152        
[1,0,0,0,0,0,2,0,0,0,0,0,1,0,0,0,0,0]     37/19          40/19          15/38          45/38          51/38          105/152        
[1,0,0,0,0,0,2,0,0,1,0,0,0,0,0,0,0,0]     37/19          40/19          15/38          45/38          51/38          105/152        
[1,0,0,0,1,0,0,0,0,0,0,0,0,0,0,1,0,0]     37/19          37/19          13/38          47/38          47/38          99/152         
[1,0,0,0,1,0,0,0,0,0,0,0,1,0,0,0,0,0]     37/19          37/19          13/38          47/38          47/38          99/152         
[1,0,0,0,1,0,0,0,0,1,0,0,0,0,0,0,0,0]     37/19          37/19          13/38          47/38          47/38          99/152         
[1,0,0,0,1,0,1,0,0,0,0,0,0,0,0,0,0,0]     37/19          37/19          13/38          47/38          47/38          99/152         
[1,0,0,1,0,0,0,0,0,0,0,0,0,0,0,0,0,0]     18/19          37/19          7/38           15/38          53/38          43/152         
[1,0,0,1,0,0,0,0,0,0,0,0,0,0,0,0,1,0]     37/19          37/19          13/38          47/38          47/38          99/152         
[1,0,0,1,0,0,0,0,0,0,0,0,0,0,0,2,0,0]     37/19          40/19          15/38          45/38          51/38          105/152        
[1,0,0,1,0,0,0,0,0,0,0,0,0,1,0,0,0,0]     37/19          37/19          13/38          47/38          47/38          99/152         
[1,0,0,1,0,0,0,0,0,0,0,0,1,0,0,1,0,0]     37/19          40/19          7/19           23/19          26/19          51/76          
[1,0,0,1,0,0,0,0,0,0,0,0,2,0,0,0,0,0]     37/19          40/19          15/38          45/38          51/38          105/152        
[1,0,0,1,0,0,0,0,0,0,1,0,0,0,0,0,0,0]     37/19          37/19          13/38          47/38          47/38          99/152         
[1,0,0,1,0,0,0,0,0,1,0,0,0,0,0,1,0,0]     37/19          40/19          7/19           23/19          26/19          51/76          
[1,0,0,1,0,0,0,0,0,1,0,0,1,0,0,0,0,0]     37/19          40/19          7/19           23/19          26/19          51/76          
[1,0,0,1,0,0,0,0,0,2,0,0,0,0,0,0,0,0]     37/19          40/19          15/38          45/38          51/38          105/152        
[1,0,0,1,0,0,0,1,0,0,0,0,0,0,0,0,0,0]     37/19          37/19          13/38          47/38          47/38          99/152         
[1,0,0,1,0,0,1,0,0,0,0,0,0,0,0,1,0,0]     37/19          40/19          7/19           23/19          26/19          51/76          
[1,0,0,1,0,0,1,0,0,0,0,0,1,0,0,0,0,0]     37/19          40/19          7/19           23/19          26/19          51/76          
[1,0,0,1,0,0,1,0,0,1,0,0,0,0,0,0,0,0]     37/19          40/19          7/19           23/19          26/19          51/76          
[1,0,0,1,0,0,2,0,0,0,0,0,0,0,0,0,0,0]     37/19          40/19          15/38          45/38          51/38          105/152        
[1,0,0,2,0,0,0,0,0,0,0,0,0,0,0,1,0,0]     37/19          40/19          15/38          45/38          51/38          105/152        
[1,0,0,2,0,0,0,0,0,0,0,0,1,0,0,0,0,0]     37/19          40/19          15/38          45/38          51/38          105/152        
[1,0,0,2,0,0,0,0,0,1,0,0,0,0,0,0,0,0]     37/19          40/19          15/38          45/38          51/38          105/152        
[1,0,0,2,0,0,1,0,0,0,0,0,0,0,0,0,0,0]     37/19          40/19          15/38          45/38          51/38          105/152        
[2,0,0,0,0,0,0,0,0,0,0,0,0,0,0,2,0,0]     37/19          40/19          8/19           22/19          25/19          27/38          
[2,0,0,0,0,0,0,0,0,0,0,0,1,0,0,1,0,0]     37/19          40/19          15/38          45/38          51/38          105/152        
[2,0,0,0,0,0,0,0,0,0,0,0,2,0,0,0,0,0]     37/19          40/19          8/19           22/19          25/19          27/38          
[2,0,0,0,0,0,0,0,0,1,0,0,0,0,0,1,0,0]     37/19          40/19          15/38          45/38          51/38          105/152        
[2,0,0,0,0,0,0,0,0,1,0,0,1,0,0,0,0,0]     37/19          40/19          15/38          45/38          51/38          105/152        
[2,0,0,0,0,0,0,0,0,2,0,0,0,0,0,0,0,0]     37/19          40/19          8/19           22/19          25/19          27/38          
[2,0,0,0,0,0,1,0,0,0,0,0,0,0,0,1,0,0]     37/19          40/19          15/38          45/38          51/38          105/152        
[2,0,0,0,0,0,1,0,0,0,0,0,1,0,0,0,0,0]     37/19          40/19          15/38          45/38          51/38          105/152        
[2,0,0,0,0,0,1,0,0,1,0,0,0,0,0,0,0,0]     37/19          40/19          15/38          45/38          51/38          105/152        
[2,0,0,0,0,0,2,0,0,0,0,0,0,0,0,0,0,0]     37/19          40/19          8/19           22/19          25/19          27/38          
[2,0,0,1,0,0,0,0,0,0,0,0,0,0,0,1,0,0]     37/19          40/19          15/38          45/38          51/38          105/152        
[2,0,0,1,0,0,0,0,0,0,0,0,1,0,0,0,0,0]     37/19          40/19          15/38          45/38          51/38          105/152        
[2,0,0,1,0,0,0,0,0,1,0,0,0,0,0,0,0,0]     37/19          40/19          15/38          45/38          51/38          105/152        
[2,0,0,1,0,0,1,0,0,0,0,0,0,0,0,0,0,0]     37/19          40/19          15/38          45/38          51/38          105/152        
[2,0,0,2,0,0,0,0,0,0,0,0,0,0,0,0,0,0]     37/19          40/19          8/19           22/19          25/19          27/38          
q(R)>E is potentially violated on: [[0,0,0,0,0,0,0,0,0,0,0,0,0,0,0,0,0,0], [0,0,0,0,0,0,0,0,0,0,0,0,0,0,0,0,1,0], [0,0,0,0,0,0,0,0,0,0,0,0,0,1,0,0,0,0], [0,0,0,0,0,0,0,0,0,0,0,0,1,0,0,1,0,0], [0,0,0,0,0,0,0,0,0,0,1,0,0,0,0,0,0,0], [0,0,0,0,0,0,0,0,0,1,0,0,0,0,0,1,0,0], [0,0,0,0,0,0,0,0,0,1,0,0,1,0,0,0,0,0], [0,0,0,0,0,0,0,1,0,0,0,0,0,0,0,0,0,0], [0,0,0,0,0,0,1,0,0,0,0,0,0,0,0,1,0,0], [0,0,0,0,0,0,1,0,0,0,0,0,1,0,0,0,0,0], [0,0,0,0,0,0,1,0,0,1,0,0,0,0,0,0,0,0], [0,0,0,0,1,0,0,0,0,0,0,0,0,0,0,0,0,0], [0,0,0,1,0,0,0,0,0,0,0,0,0,0,0,1,0,0], [0,0,0,1,0,0,0,0,0,0,0,0,1,0,0,0,0,0], [0,0,0,1,0,0,0,0,0,1,0,0,0,0,0,0,0,0], [0,0,0,1,0,0,1,0,0,0,0,0,0,0,0,0,0,0], [0,1,0,0,0,0,0,0,0,0,0,0,0,0,0,0,0,0], [1,0,0,0,0,0,0,0,0,0,0,0,0,0,0,1,0,0], [1,0,0,0,0,0,0,0,0,0,0,0,1,0,0,0,0,0], [1,0,0,0,0,0,0,0,0,1,0,0,0,0,0,0,0,0], [1,0,0,0,0,0,1,0,0,0,0,0,0,0,0,0,0,0], [1,0,0,1,0,0,0,0,0,0,0,0,0,0,0,0,0,0]]
Crude estimate: LL > 2E if CasG > 1/38*sqrt(2010) + 97/76, approx. 2.4561
Scanning for 0 <= CasG <= C.
Fourier mode                              CasG           KT?            LL >=          LL >= 2E?      
0                                         0                             -4/19                         
1e_2                                      18/19                         31/76                         
2e_1                                      1                             10/19                         
1e_4                                      34/19                         5/4            >              
1e_1+1e_3                                 36/19                         101/76         >              
2e_2                                      37/19                         103/76         >              
2e_1+1e_2                                 2                             113/76         >              

Done!