====== Sym2LowerBounds (2023/02/18 18:00) for G=B17, H=A11B5T1======

LiE isotropy representation:      1X[0,0,0,0,0,0,0,0,0,0,1,1,0,0,0,0,-1] +
     1X[0,0,0,0,0,0,0,0,0,1,0,0,0,0,0,0,-2] +
     1X[0,1,0,0,0,0,0,0,0,0,0,0,0,0,0,0, 2] +
     1X[1,0,0,0,0,0,0,0,0,0,0,1,0,0,0,0, 1]
Einstein constant: E=5/12
Isotype in Sym^2_0                      CasGMin        CasGMax        CasH           A*AMin         A*AMax         q(R)Min        
[0,0,0,0,0,0,0,0,0,0,0,0,0,0,0,0,0]     35/33          68/33          0              13/33          46/33          13/132         
[0,0,0,0,0,0,0,0,0,0,0,0,1,0,0,0,0]     62/33          68/33          3/11           31/33          37/33          67/132         
[0,0,0,0,0,0,0,0,0,0,0,2,0,0,0,0,0]     35/33          68/33          1/3            2/33           35/33          23/66          
[0,0,0,0,0,0,0,0,0,0,1,1,0,0,0,0,-1]    35/33          68/33          1/3            2/33           35/33          23/66          
[0,0,0,0,0,0,0,0,0,0,2,0,0,0,0,0,-2]    35/33          68/33          13/33          0              1              13/33          
[0,0,0,0,0,0,0,0,0,0,2,2,0,0,0,0,-2]    68/33          68/33          8/11           2/3            2/3            59/66          
[0,0,0,0,0,0,0,0,0,1,0,0,1,0,0,0,-2]    62/33          68/33          20/33          20/33          26/33          25/33          
[0,0,0,0,0,0,0,0,0,1,1,1,0,0,0,0,-3]    68/33          68/33          23/33          23/33          23/33          115/132        
[0,0,0,0,0,0,0,0,0,2,0,0,0,0,0,0,-4]    68/33          68/33          8/11           2/3            2/3            59/66          
[0,0,0,0,0,0,0,0,1,0,0,1,0,0,0,0,-3]    62/33          62/33          20/33          20/33          20/33          25/33          
[0,0,0,0,0,0,0,1,0,0,0,0,0,0,0,0,-4]    62/33          62/33          6/11           2/3            2/3            47/66          
[0,0,0,1,0,0,0,0,0,0,0,0,0,0,0,0,4]     62/33          62/33          6/11           2/3            2/3            47/66          
[0,0,1,0,0,0,0,0,0,0,0,1,0,0,0,0,3]     62/33          62/33          20/33          20/33          20/33          25/33          
[0,1,0,0,0,0,0,0,0,0,0,0,1,0,0,0,2]     62/33          68/33          20/33          20/33          26/33          25/33          
[0,1,0,0,0,0,0,0,0,0,1,1,0,0,0,0,1]     62/33          68/33          2/3            6/11           8/11           53/66          
[0,1,0,0,0,0,0,0,0,1,0,0,0,0,0,0,0]     62/33          68/33          2/3            6/11           8/11           53/66          
[0,2,0,0,0,0,0,0,0,0,0,0,0,0,0,0,4]     68/33          68/33          8/11           2/3            2/3            59/66          
[1,0,0,0,0,0,0,0,0,0,0,1,0,0,0,0,1]     35/33          68/33          1/3            2/33           35/33          23/66          
[1,0,0,0,0,0,0,0,0,0,1,0,0,0,0,0,0]     35/33          68/33          4/11           1/33           34/33          49/132         
[1,0,0,0,0,0,0,0,0,0,1,0,1,0,0,0,0]     62/33          68/33          7/11           19/33          25/33          103/132        
[1,0,0,0,0,0,0,0,0,0,1,2,0,0,0,0,0]     68/33          68/33          23/33          23/33          23/33          115/132        
[1,0,0,0,0,0,0,0,0,1,0,1,0,0,0,0,-1]    62/33          68/33          2/3            6/11           8/11           53/66          
[1,1,0,0,0,0,0,0,0,0,0,1,0,0,0,0,3]     68/33          68/33          23/33          23/33          23/33          115/132        
[2,0,0,0,0,0,0,0,0,0,0,0,0,0,0,0,2]     35/33          68/33          13/33          0              1              13/33          
[2,0,0,0,0,0,0,0,0,0,0,2,0,0,0,0,2]     68/33          68/33          8/11           2/3            2/3            59/66          
q(R)>E is potentially violated on: [[0,0,0,0,0,0,0,0,0,0,0,0,0,0,0,0,0], [0,0,0,0,0,0,0,0,0,0,0,2,0,0,0,0,0], [0,0,0,0,0,0,0,0,0,0,1,1,0,0,0,0,-1], [0,0,0,0,0,0,0,0,0,0,2,0,0,0,0,0,-2], [1,0,0,0,0,0,0,0,0,0,0,1,0,0,0,0,1], [1,0,0,0,0,0,0,0,0,0,1,0,0,0,0,0,0], [2,0,0,0,0,0,0,0,0,0,0,0,0,0,0,0,2]]
Crude estimate: LL > 2E if CasG > 1/33*sqrt(1794) + 101/66, approx. 2.8138
Fourier mode                            CasG           KT?            LL >=          LL >= 2E?      
0                                       0              !              -10/33                        
1e_2                                    1                             1/11                          
2e_1                                    35/33                         7/66                          
1e_4                                    62/33                         32/33          >              
1e_1+1e_3                               2                             67/66          >              
2e_2                                    68/33                         23/22          >              
2e_1+1e_2                               70/33                         73/66          >              
4e_1                                    74/33                         27/22          >              
1e_6                                    29/11                         19/11          >              

Done!