====== Sym2LowerBounds (2023/02/18 18:00) for G=B20, H=A13B6T1======

LiE isotropy representation:      1X[0,0,0,0,0,0,0,0,0,0,0,0,1,1,0,0,0,0,0, 1] +
     1X[0,0,0,0,0,0,0,0,0,0,0,1,0,0,0,0,0,0,0, 2] +
     1X[0,1,0,0,0,0,0,0,0,0,0,0,0,0,0,0,0,0,0,-2] +
     1X[1,0,0,0,0,0,0,0,0,0,0,0,0,1,0,0,0,0,0,-1]
Einstein constant: E=5/12
Isotype in Sym^2_0                            CasGMin        CasGMax        CasH           A*AMin         A*AMax         q(R)Min        
[0,0,0,0,0,0,0,0,0,0,0,0,0,0,0,0,0,0,0,0]     41/39          80/39          0              5/13           18/13          5/52           
[0,0,0,0,0,0,0,0,0,0,0,0,0,0,1,0,0,0,0,0]     74/39          80/39          11/39          37/39          43/39          27/52          
[0,0,0,0,0,0,0,0,0,0,0,0,0,2,0,0,0,0,0,0]     41/39          80/39          1/3            2/39           41/39          9/26           
[0,0,0,0,0,0,0,0,0,0,0,0,1,1,0,0,0,0,0,1]     41/39          80/39          1/3            2/39           41/39          9/26           
[0,0,0,0,0,0,0,0,0,0,0,0,2,0,0,0,0,0,0,2]     41/39          80/39          5/13           0              1              5/13           
[0,0,0,0,0,0,0,0,0,0,0,0,2,2,0,0,0,0,0,2]     80/39          80/39          28/39          2/3            2/3            23/26          
[0,0,0,0,0,0,0,0,0,0,0,1,0,0,1,0,0,0,0,2]     74/39          80/39          8/13           8/13           10/13          10/13          
[0,0,0,0,0,0,0,0,0,0,0,1,1,1,0,0,0,0,0,3]     80/39          80/39          9/13           9/13           9/13           45/52          
[0,0,0,0,0,0,0,0,0,0,0,2,0,0,0,0,0,0,0,4]     80/39          80/39          28/39          2/3            2/3            23/26          
[0,0,0,0,0,0,0,0,0,0,1,0,0,1,0,0,0,0,0,3]     74/39          74/39          8/13           8/13           8/13           10/13          
[0,0,0,0,0,0,0,0,0,1,0,0,0,0,0,0,0,0,0,4]     74/39          74/39          22/39          2/3            2/3            19/26          
[0,0,0,1,0,0,0,0,0,0,0,0,0,0,0,0,0,0,0,-4]    74/39          74/39          22/39          2/3            2/3            19/26          
[0,0,1,0,0,0,0,0,0,0,0,0,0,1,0,0,0,0,0,-3]    74/39          74/39          8/13           8/13           8/13           10/13          
[0,1,0,0,0,0,0,0,0,0,0,0,0,0,1,0,0,0,0,-2]    74/39          80/39          8/13           8/13           10/13          10/13          
[0,1,0,0,0,0,0,0,0,0,0,0,1,1,0,0,0,0,0,-1]    74/39          80/39          2/3            22/39          28/39          21/26          
[0,1,0,0,0,0,0,0,0,0,0,1,0,0,0,0,0,0,0,0]     74/39          80/39          2/3            22/39          28/39          21/26          
[0,2,0,0,0,0,0,0,0,0,0,0,0,0,0,0,0,0,0,-4]    80/39          80/39          28/39          2/3            2/3            23/26          
[1,0,0,0,0,0,0,0,0,0,0,0,0,1,0,0,0,0,0,-1]    41/39          80/39          1/3            2/39           41/39          9/26           
[1,0,0,0,0,0,0,0,0,0,0,0,1,0,0,0,0,0,0,0]     41/39          80/39          14/39          1/39           40/39          19/52          
[1,0,0,0,0,0,0,0,0,0,0,0,1,0,1,0,0,0,0,0]     74/39          80/39          25/39          23/39          29/39          41/52          
[1,0,0,0,0,0,0,0,0,0,0,0,1,2,0,0,0,0,0,0]     80/39          80/39          9/13           9/13           9/13           45/52          
[1,0,0,0,0,0,0,0,0,0,0,1,0,1,0,0,0,0,0,1]     74/39          80/39          2/3            22/39          28/39          21/26          
[1,1,0,0,0,0,0,0,0,0,0,0,0,1,0,0,0,0,0,-3]    80/39          80/39          9/13           9/13           9/13           45/52          
[2,0,0,0,0,0,0,0,0,0,0,0,0,0,0,0,0,0,0,-2]    41/39          80/39          5/13           0              1              5/13           
[2,0,0,0,0,0,0,0,0,0,0,0,0,2,0,0,0,0,0,-2]    80/39          80/39          28/39          2/3            2/3            23/26          
q(R)>E is potentially violated on: [[0,0,0,0,0,0,0,0,0,0,0,0,0,0,0,0,0,0,0,0], [0,0,0,0,0,0,0,0,0,0,0,0,0,2,0,0,0,0,0,0], [0,0,0,0,0,0,0,0,0,0,0,0,1,1,0,0,0,0,0,1], [0,0,0,0,0,0,0,0,0,0,0,0,2,0,0,0,0,0,0,2], [1,0,0,0,0,0,0,0,0,0,0,0,0,1,0,0,0,0,0,-1], [1,0,0,0,0,0,0,0,0,0,0,0,1,0,0,0,0,0,0,0], [2,0,0,0,0,0,0,0,0,0,0,0,0,0,0,0,0,0,0,-2]]
Crude estimate: LL > 2E if CasG > 2/13*sqrt(69) + 119/78, approx. 2.8036
Fourier mode                                  CasG           KT?            LL >=          LL >= 2E?      
0                                             0              !              -4/13                         
1e_2                                          1                             4/39                          
2e_1                                          41/39                         3/26                          
1e_4                                          74/39                         1              >              
1e_1+1e_3                                     2                             27/26          >              
2e_2                                          80/39                         83/78          >              
2e_1+1e_2                                     82/39                         29/26          >              
4e_1                                          86/39                         95/78          >              
1e_6                                          35/13                         70/39          >              

Done!