====== Sym2LowerBounds (2023/02/18 18:00) for G=B23, H=A15B7T1======

LiE isotropy representation:      1X[0,0,0,0,0,0,0,0,0,0,0,0,0,0,1,1,0,0,0,0,0,0,-1] +
     1X[0,0,0,0,0,0,0,0,0,0,0,0,0,1,0,0,0,0,0,0,0,0,-2] +
     1X[0,1,0,0,0,0,0,0,0,0,0,0,0,0,0,0,0,0,0,0,0,0, 2] +
     1X[1,0,0,0,0,0,0,0,0,0,0,0,0,0,0,1,0,0,0,0,0,0, 1]
Einstein constant: E=5/12
Isotype in Sym^2_0                                  CasGMin        CasGMax        CasH           A*AMin         A*AMax         q(R)Min        
[0,0,0,0,0,0,0,0,0,0,0,0,0,0,0,0,0,0,0,0,0,0,0]     47/45          92/45          0              17/45          62/45          17/180         
[0,0,0,0,0,0,0,0,0,0,0,0,0,0,0,0,1,0,0,0,0,0,0]     86/45          92/45          13/45          43/45          49/45          19/36          
[0,0,0,0,0,0,0,0,0,0,0,0,0,0,0,2,0,0,0,0,0,0,0]     47/45          92/45          1/3            2/45           47/45          31/90          
[0,0,0,0,0,0,0,0,0,0,0,0,0,0,1,1,0,0,0,0,0,0,-1]    47/45          92/45          1/3            2/45           47/45          31/90          
[0,0,0,0,0,0,0,0,0,0,0,0,0,0,2,0,0,0,0,0,0,0,-2]    47/45          92/45          17/45          0              1              17/45          
[0,0,0,0,0,0,0,0,0,0,0,0,0,0,2,2,0,0,0,0,0,0,-2]    92/45          92/45          32/45          2/3            2/3            79/90          
[0,0,0,0,0,0,0,0,0,0,0,0,0,1,0,0,1,0,0,0,0,0,-2]    86/45          92/45          28/45          28/45          34/45          7/9            
[0,0,0,0,0,0,0,0,0,0,0,0,0,1,1,1,0,0,0,0,0,0,-3]    92/45          92/45          31/45          31/45          31/45          31/36          
[0,0,0,0,0,0,0,0,0,0,0,0,0,2,0,0,0,0,0,0,0,0,-4]    92/45          92/45          32/45          2/3            2/3            79/90          
[0,0,0,0,0,0,0,0,0,0,0,0,1,0,0,1,0,0,0,0,0,0,-3]    86/45          86/45          28/45          28/45          28/45          7/9            
[0,0,0,0,0,0,0,0,0,0,0,1,0,0,0,0,0,0,0,0,0,0,-4]    86/45          86/45          26/45          2/3            2/3            67/90          
[0,0,0,1,0,0,0,0,0,0,0,0,0,0,0,0,0,0,0,0,0,0,4]     86/45          86/45          26/45          2/3            2/3            67/90          
[0,0,1,0,0,0,0,0,0,0,0,0,0,0,0,1,0,0,0,0,0,0,3]     86/45          86/45          28/45          28/45          28/45          7/9            
[0,1,0,0,0,0,0,0,0,0,0,0,0,0,0,0,1,0,0,0,0,0,2]     86/45          92/45          28/45          28/45          34/45          7/9            
[0,1,0,0,0,0,0,0,0,0,0,0,0,0,1,1,0,0,0,0,0,0,1]     86/45          92/45          2/3            26/45          32/45          73/90          
[0,1,0,0,0,0,0,0,0,0,0,0,0,1,0,0,0,0,0,0,0,0,0]     86/45          92/45          2/3            26/45          32/45          73/90          
[0,2,0,0,0,0,0,0,0,0,0,0,0,0,0,0,0,0,0,0,0,0,4]     92/45          92/45          32/45          2/3            2/3            79/90          
[1,0,0,0,0,0,0,0,0,0,0,0,0,0,0,1,0,0,0,0,0,0,1]     47/45          92/45          1/3            2/45           47/45          31/90          
[1,0,0,0,0,0,0,0,0,0,0,0,0,0,1,0,0,0,0,0,0,0,0]     47/45          92/45          16/45          1/45           46/45          13/36          
[1,0,0,0,0,0,0,0,0,0,0,0,0,0,1,0,1,0,0,0,0,0,0]     86/45          92/45          29/45          3/5            11/15          143/180        
[1,0,0,0,0,0,0,0,0,0,0,0,0,0,1,2,0,0,0,0,0,0,0]     92/45          92/45          31/45          31/45          31/45          31/36          
[1,0,0,0,0,0,0,0,0,0,0,0,0,1,0,1,0,0,0,0,0,0,-1]    86/45          92/45          2/3            26/45          32/45          73/90          
[1,1,0,0,0,0,0,0,0,0,0,0,0,0,0,1,0,0,0,0,0,0,3]     92/45          92/45          31/45          31/45          31/45          31/36          
[2,0,0,0,0,0,0,0,0,0,0,0,0,0,0,0,0,0,0,0,0,0,2]     47/45          92/45          17/45          0              1              17/45          
[2,0,0,0,0,0,0,0,0,0,0,0,0,0,0,2,0,0,0,0,0,0,2]     92/45          92/45          32/45          2/3            2/3            79/90          
q(R)>E is potentially violated on: [[0,0,0,0,0,0,0,0,0,0,0,0,0,0,0,0,0,0,0,0,0,0,0], [0,0,0,0,0,0,0,0,0,0,0,0,0,0,0,2,0,0,0,0,0,0,0], [0,0,0,0,0,0,0,0,0,0,0,0,0,0,1,1,0,0,0,0,0,0,-1], [0,0,0,0,0,0,0,0,0,0,0,0,0,0,2,0,0,0,0,0,0,0,-2], [1,0,0,0,0,0,0,0,0,0,0,0,0,0,0,1,0,0,0,0,0,0,1], [1,0,0,0,0,0,0,0,0,0,0,0,0,0,1,0,0,0,0,0,0,0,0], [2,0,0,0,0,0,0,0,0,0,0,0,0,0,0,0,0,0,0,0,0,0,2]]
Crude estimate: LL > 2E if CasG > 1/45*sqrt(3286) + 137/90, approx. 2.7961
Fourier mode                                        CasG           KT?            LL >=          LL >= 2E?      
0                                                   0              !              -14/45                        
1e_2                                                1                             1/9                           
2e_1                                                47/45                         11/90                         
1e_4                                                86/45                         46/45          >              
1e_1+1e_3                                           2                             19/18          >              
2e_2                                                92/45                         97/90          >              
2e_1+1e_2                                           94/45                         101/90         >              
4e_1                                                98/45                         109/90         >              
1e_6                                                41/15                         83/45          >              

Done!