====== Sym2LowerBounds (2023/02/18 18:00) for G=B26, H=A17B8T1======

LiE isotropy representation:      1X[0,0,0,0,0,0,0,0,0,0,0,0,0,0,0,0,1,1,0,0,0,0,0,0,0, 1] +
     1X[0,0,0,0,0,0,0,0,0,0,0,0,0,0,0,1,0,0,0,0,0,0,0,0,0, 2] +
     1X[0,1,0,0,0,0,0,0,0,0,0,0,0,0,0,0,0,0,0,0,0,0,0,0,0,-2] +
     1X[1,0,0,0,0,0,0,0,0,0,0,0,0,0,0,0,0,1,0,0,0,0,0,0,0,-1]
Einstein constant: E=5/12
Isotype in Sym^2_0                                        CasGMin        CasGMax        CasH           A*AMin         A*AMax         q(R)Min        
[0,0,0,0,0,0,0,0,0,0,0,0,0,0,0,0,0,0,0,0,0,0,0,0,0,0]     53/51          104/51         0              19/51          70/51          19/204         
[0,0,0,0,0,0,0,0,0,0,0,0,0,0,0,0,0,0,1,0,0,0,0,0,0,0]     98/51          104/51         5/17           49/51          55/51          109/204        
[0,0,0,0,0,0,0,0,0,0,0,0,0,0,0,0,0,2,0,0,0,0,0,0,0,0]     53/51          104/51         1/3            2/51           53/51          35/102         
[0,0,0,0,0,0,0,0,0,0,0,0,0,0,0,0,1,1,0,0,0,0,0,0,0,1]     53/51          104/51         1/3            2/51           53/51          35/102         
[0,0,0,0,0,0,0,0,0,0,0,0,0,0,0,0,2,0,0,0,0,0,0,0,0,2]     53/51          104/51         19/51          0              1              19/51          
[0,0,0,0,0,0,0,0,0,0,0,0,0,0,0,0,2,2,0,0,0,0,0,0,0,2]     104/51         104/51         12/17          2/3            2/3            89/102         
[0,0,0,0,0,0,0,0,0,0,0,0,0,0,0,1,0,0,1,0,0,0,0,0,0,2]     98/51          104/51         32/51          32/51          38/51          40/51          
[0,0,0,0,0,0,0,0,0,0,0,0,0,0,0,1,1,1,0,0,0,0,0,0,0,3]     104/51         104/51         35/51          35/51          35/51          175/204        
[0,0,0,0,0,0,0,0,0,0,0,0,0,0,0,2,0,0,0,0,0,0,0,0,0,4]     104/51         104/51         12/17          2/3            2/3            89/102         
[0,0,0,0,0,0,0,0,0,0,0,0,0,0,1,0,0,1,0,0,0,0,0,0,0,3]     98/51          98/51          32/51          32/51          32/51          40/51          
[0,0,0,0,0,0,0,0,0,0,0,0,0,1,0,0,0,0,0,0,0,0,0,0,0,4]     98/51          98/51          10/17          2/3            2/3            77/102         
[0,0,0,1,0,0,0,0,0,0,0,0,0,0,0,0,0,0,0,0,0,0,0,0,0,-4]    98/51          98/51          10/17          2/3            2/3            77/102         
[0,0,1,0,0,0,0,0,0,0,0,0,0,0,0,0,0,1,0,0,0,0,0,0,0,-3]    98/51          98/51          32/51          32/51          32/51          40/51          
[0,1,0,0,0,0,0,0,0,0,0,0,0,0,0,0,0,0,1,0,0,0,0,0,0,-2]    98/51          104/51         32/51          32/51          38/51          40/51          
[0,1,0,0,0,0,0,0,0,0,0,0,0,0,0,0,1,1,0,0,0,0,0,0,0,-1]    98/51          104/51         2/3            10/17          12/17          83/102         
[0,1,0,0,0,0,0,0,0,0,0,0,0,0,0,1,0,0,0,0,0,0,0,0,0,0]     98/51          104/51         2/3            10/17          12/17          83/102         
[0,2,0,0,0,0,0,0,0,0,0,0,0,0,0,0,0,0,0,0,0,0,0,0,0,-4]    104/51         104/51         12/17          2/3            2/3            89/102         
[1,0,0,0,0,0,0,0,0,0,0,0,0,0,0,0,0,1,0,0,0,0,0,0,0,-1]    53/51          104/51         1/3            2/51           53/51          35/102         
[1,0,0,0,0,0,0,0,0,0,0,0,0,0,0,0,1,0,0,0,0,0,0,0,0,0]     53/51          104/51         6/17           1/51           52/51          73/204         
[1,0,0,0,0,0,0,0,0,0,0,0,0,0,0,0,1,0,1,0,0,0,0,0,0,0]     98/51          104/51         11/17          31/51          37/51          163/204        
[1,0,0,0,0,0,0,0,0,0,0,0,0,0,0,0,1,2,0,0,0,0,0,0,0,0]     104/51         104/51         35/51          35/51          35/51          175/204        
[1,0,0,0,0,0,0,0,0,0,0,0,0,0,0,1,0,1,0,0,0,0,0,0,0,1]     98/51          104/51         2/3            10/17          12/17          83/102         
[1,1,0,0,0,0,0,0,0,0,0,0,0,0,0,0,0,1,0,0,0,0,0,0,0,-3]    104/51         104/51         35/51          35/51          35/51          175/204        
[2,0,0,0,0,0,0,0,0,0,0,0,0,0,0,0,0,0,0,0,0,0,0,0,0,-2]    53/51          104/51         19/51          0              1              19/51          
[2,0,0,0,0,0,0,0,0,0,0,0,0,0,0,0,0,2,0,0,0,0,0,0,0,-2]    104/51         104/51         12/17          2/3            2/3            89/102         
q(R)>E is potentially violated on: [[0,0,0,0,0,0,0,0,0,0,0,0,0,0,0,0,0,0,0,0,0,0,0,0,0,0], [0,0,0,0,0,0,0,0,0,0,0,0,0,0,0,0,0,2,0,0,0,0,0,0,0,0], [0,0,0,0,0,0,0,0,0,0,0,0,0,0,0,0,1,1,0,0,0,0,0,0,0,1], [0,0,0,0,0,0,0,0,0,0,0,0,0,0,0,0,2,0,0,0,0,0,0,0,0,2], [1,0,0,0,0,0,0,0,0,0,0,0,0,0,0,0,0,1,0,0,0,0,0,0,0,-1], [1,0,0,0,0,0,0,0,0,0,0,0,0,0,0,0,1,0,0,0,0,0,0,0,0,0], [2,0,0,0,0,0,0,0,0,0,0,0,0,0,0,0,0,0,0,0,0,0,0,0,0,-2]]
Crude estimate: LL > 2E if CasG > 10/51*sqrt(42) + 155/102, approx. 2.7903
Fourier mode                                              CasG           KT?            LL >=          LL >= 2E?      
0                                                         0              !              -16/51                        
1e_2                                                      1                             2/17                          
2e_1                                                      53/51                         13/102                        
1e_4                                                      98/51                         53/51          >              
1e_1+1e_3                                                 2                             109/102        >              
2e_2                                                      104/51                        37/34          >              
2e_1+1e_2                                                 106/51                        115/102        >              
4e_1                                                      110/51                        41/34          >              
1e_6                                                      47/17                         32/17          >              

Done!