====== Sym2LowerBounds (2023/02/18 18:00) for G=D16, H=A10D5T1======

LiE isotropy representation:      1X[0,0,0,0,0,0,0,0,0,1,1,0,0,0,0, 2] +
     1X[0,0,0,0,0,0,0,0,1,0,0,0,0,0,0, 4] +
     1X[0,1,0,0,0,0,0,0,0,0,0,0,0,0,0,-4] +
     1X[1,0,0,0,0,0,0,0,0,0,1,0,0,0,0,-2]
Einstein constant: E=5/12
Isotype in Sym^2_0                    CasGMin        CasGMax        CasH           A*AMin         A*AMax         q(R)Min        
[0,0,0,0,0,0,0,0,0,0,0,0,0,0,0,0]     16/15          31/15          0              2/5            7/5            1/10           
[0,0,0,0,0,0,0,0,0,0,0,1,0,0,0,0]     28/15          31/15          4/15           14/15          17/15          1/2            
[0,0,0,0,0,0,0,0,0,0,2,0,0,0,0,0]     16/15          31/15          1/3            1/15           16/15          7/20           
[0,0,0,0,0,0,0,0,0,1,1,0,0,0,0,2]     16/15          31/15          1/3            1/15           16/15          7/20           
[0,0,0,0,0,0,0,0,0,2,0,0,0,0,0,4]     16/15          31/15          2/5            0              1              2/5            
[0,0,0,0,0,0,0,0,0,2,2,0,0,0,0,4]     31/15          31/15          11/15          2/3            2/3            9/10           
[0,0,0,0,0,0,0,0,1,0,0,1,0,0,0,4]     28/15          31/15          3/5            3/5            4/5            3/4            
[0,0,0,0,0,0,0,0,1,1,1,0,0,0,0,6]     31/15          31/15          7/10           7/10           7/10           7/8            
[0,0,0,0,0,0,0,0,2,0,0,0,0,0,0,8]     31/15          31/15          11/15          2/3            2/3            9/10           
[0,0,0,0,0,0,0,1,0,0,1,0,0,0,0,6]     28/15          28/15          3/5            3/5            3/5            3/4            
[0,0,0,0,0,0,1,0,0,0,0,0,0,0,0,8]     28/15          28/15          8/15           2/3            2/3            7/10           
[0,0,0,1,0,0,0,0,0,0,0,0,0,0,0,-8]    28/15          28/15          8/15           2/3            2/3            7/10           
[0,0,1,0,0,0,0,0,0,0,1,0,0,0,0,-6]    28/15          28/15          3/5            3/5            3/5            3/4            
[0,1,0,0,0,0,0,0,0,0,0,1,0,0,0,-4]    28/15          31/15          3/5            3/5            4/5            3/4            
[0,1,0,0,0,0,0,0,0,1,1,0,0,0,0,-2]    28/15          31/15          2/3            8/15           11/15          4/5            
[0,1,0,0,0,0,0,0,1,0,0,0,0,0,0,0]     28/15          31/15          2/3            8/15           11/15          4/5            
[0,2,0,0,0,0,0,0,0,0,0,0,0,0,0,-8]    31/15          31/15          11/15          2/3            2/3            9/10           
[1,0,0,0,0,0,0,0,0,0,1,0,0,0,0,-2]    16/15          31/15          1/3            1/15           16/15          7/20           
[1,0,0,0,0,0,0,0,0,1,0,0,0,0,0,0]     16/15          31/15          11/30          1/30           31/30          3/8            
[1,0,0,0,0,0,0,0,0,1,0,1,0,0,0,0]     28/15          31/15          19/30          17/30          23/30          31/40          
[1,0,0,0,0,0,0,0,0,1,2,0,0,0,0,0]     31/15          31/15          7/10           7/10           7/10           7/8            
[1,0,0,0,0,0,0,0,1,0,1,0,0,0,0,2]     28/15          31/15          2/3            8/15           11/15          4/5            
[1,1,0,0,0,0,0,0,0,0,1,0,0,0,0,-6]    31/15          31/15          7/10           7/10           7/10           7/8            
[2,0,0,0,0,0,0,0,0,0,0,0,0,0,0,-4]    16/15          31/15          2/5            0              1              2/5            
[2,0,0,0,0,0,0,0,0,0,2,0,0,0,0,-4]    31/15          31/15          11/15          2/3            2/3            9/10           
q(R)>E is potentially violated on: [[0,0,0,0,0,0,0,0,0,0,0,0,0,0,0,0], [0,0,0,0,0,0,0,0,0,0,2,0,0,0,0,0], [0,0,0,0,0,0,0,0,0,1,1,0,0,0,0,2], [0,0,0,0,0,0,0,0,0,2,0,0,0,0,0,4], [1,0,0,0,0,0,0,0,0,0,1,0,0,0,0,-2], [1,0,0,0,0,0,0,0,0,1,0,0,0,0,0,0], [2,0,0,0,0,0,0,0,0,0,0,0,0,0,0,-4]]
Crude estimate: LL > 2E if CasG > 1/30*sqrt(1491) + 23/15, approx. 2.8204
Fourier mode                          CasG           KT?            LL >=          LL >= 2E?      
0                                     0              !              -3/10                         
1e_2                                  1                             1/12                          
2e_1                                  16/15                         1/10                          
1e_4                                  28/15                         19/20          >              
1e_1+1e_3                             2                             1              >              
2e_2                                  31/15                         31/30          >              
2e_1+1e_2                             32/15                         11/10          >              
4e_1                                  34/15                         37/30          >              
1e_6                                  13/5                          101/60         >              
1e_1+1e_5                             14/5                          9/5            >              

Done!