====== Sym2LowerBounds (2023/02/18 18:00) for G=D19, H=A12D6T1======

LiE isotropy representation:      1X[0,0,0,0,0,0,0,0,0,0,0,1,1,0,0,0,0,0, 2] +
     1X[0,0,0,0,0,0,0,0,0,0,1,0,0,0,0,0,0,0, 4] +
     1X[0,1,0,0,0,0,0,0,0,0,0,0,0,0,0,0,0,0,-4] +
     1X[1,0,0,0,0,0,0,0,0,0,0,0,1,0,0,0,0,0,-2]
Einstein constant: E=5/12
Isotype in Sym^2_0                          CasGMin        CasGMax        CasH           A*AMin         A*AMax         q(R)Min        
[0,0,0,0,0,0,0,0,0,0,0,0,0,0,0,0,0,0,0]     19/18          37/18          0              7/18           25/18          7/72           
[0,0,0,0,0,0,0,0,0,0,0,0,0,1,0,0,0,0,0]     17/9           37/18          5/18           17/18          10/9           37/72          
[0,0,0,0,0,0,0,0,0,0,0,0,2,0,0,0,0,0,0]     19/18          37/18          1/3            1/18           19/18          25/72          
[0,0,0,0,0,0,0,0,0,0,0,1,1,0,0,0,0,0,2]     19/18          37/18          1/3            1/18           19/18          25/72          
[0,0,0,0,0,0,0,0,0,0,0,2,0,0,0,0,0,0,4]     19/18          37/18          7/18           0              1              7/18           
[0,0,0,0,0,0,0,0,0,0,0,2,2,0,0,0,0,0,4]     37/18          37/18          13/18          2/3            2/3            8/9            
[0,0,0,0,0,0,0,0,0,0,1,0,0,1,0,0,0,0,4]     17/9           37/18          11/18          11/18          7/9            55/72          
[0,0,0,0,0,0,0,0,0,0,1,1,1,0,0,0,0,0,6]     37/18          37/18          25/36          25/36          25/36          125/144        
[0,0,0,0,0,0,0,0,0,0,2,0,0,0,0,0,0,0,8]     37/18          37/18          13/18          2/3            2/3            8/9            
[0,0,0,0,0,0,0,0,0,1,0,0,1,0,0,0,0,0,6]     17/9           17/9           11/18          11/18          11/18          55/72          
[0,0,0,0,0,0,0,0,1,0,0,0,0,0,0,0,0,0,8]     17/9           17/9           5/9            2/3            2/3            13/18          
[0,0,0,1,0,0,0,0,0,0,0,0,0,0,0,0,0,0,-8]    17/9           17/9           5/9            2/3            2/3            13/18          
[0,0,1,0,0,0,0,0,0,0,0,0,1,0,0,0,0,0,-6]    17/9           17/9           11/18          11/18          11/18          55/72          
[0,1,0,0,0,0,0,0,0,0,0,0,0,1,0,0,0,0,-4]    17/9           37/18          11/18          11/18          7/9            55/72          
[0,1,0,0,0,0,0,0,0,0,0,1,1,0,0,0,0,0,-2]    17/9           37/18          2/3            5/9            13/18          29/36          
[0,1,0,0,0,0,0,0,0,0,1,0,0,0,0,0,0,0,0]     17/9           37/18          2/3            5/9            13/18          29/36          
[0,2,0,0,0,0,0,0,0,0,0,0,0,0,0,0,0,0,-8]    37/18          37/18          13/18          2/3            2/3            8/9            
[1,0,0,0,0,0,0,0,0,0,0,0,1,0,0,0,0,0,-2]    19/18          37/18          1/3            1/18           19/18          25/72          
[1,0,0,0,0,0,0,0,0,0,0,1,0,0,0,0,0,0,0]     19/18          37/18          13/36          1/36           37/36          53/144         
[1,0,0,0,0,0,0,0,0,0,0,1,0,1,0,0,0,0,0]     17/9           37/18          23/36          7/12           3/4            113/144        
[1,0,0,0,0,0,0,0,0,0,0,1,2,0,0,0,0,0,0]     37/18          37/18          25/36          25/36          25/36          125/144        
[1,0,0,0,0,0,0,0,0,0,1,0,1,0,0,0,0,0,2]     17/9           37/18          2/3            5/9            13/18          29/36          
[1,1,0,0,0,0,0,0,0,0,0,0,1,0,0,0,0,0,-6]    37/18          37/18          25/36          25/36          25/36          125/144        
[2,0,0,0,0,0,0,0,0,0,0,0,0,0,0,0,0,0,-4]    19/18          37/18          7/18           0              1              7/18           
[2,0,0,0,0,0,0,0,0,0,0,0,2,0,0,0,0,0,-4]    37/18          37/18          13/18          2/3            2/3            8/9            
q(R)>E is potentially violated on: [[0,0,0,0,0,0,0,0,0,0,0,0,0,0,0,0,0,0,0], [0,0,0,0,0,0,0,0,0,0,0,0,2,0,0,0,0,0,0], [0,0,0,0,0,0,0,0,0,0,0,1,1,0,0,0,0,0,2], [0,0,0,0,0,0,0,0,0,0,0,2,0,0,0,0,0,0,4], [1,0,0,0,0,0,0,0,0,0,0,0,1,0,0,0,0,0,-2], [1,0,0,0,0,0,0,0,0,0,0,1,0,0,0,0,0,0,0], [2,0,0,0,0,0,0,0,0,0,0,0,0,0,0,0,0,0,-4]]
Crude estimate: LL > 2E if CasG > 5/36*sqrt(85) + 55/36, approx. 2.8083
Fourier mode                                CasG           KT?            LL >=          LL >= 2E?      
0                                           0              !              -11/36                        
1e_2                                        1                             7/72                          
2e_1                                        19/18                         1/9                           
1e_4                                        17/9                          71/72          >              
1e_1+1e_3                                   2                             37/36          >              
2e_2                                        37/18                         19/18          >              
2e_1+1e_2                                   19/9                          10/9           >              
4e_1                                        20/9                          11/9           >              
1e_6                                        8/3                           127/72         >              

Done!