====== Sym2LowerBounds (2023/02/18 18:00) for G=D22, H=A14D7T1======

LiE isotropy representation:      1X[0,0,0,0,0,0,0,0,0,0,0,0,0,1,1,0,0,0,0,0,0, 2] +
     1X[0,0,0,0,0,0,0,0,0,0,0,0,1,0,0,0,0,0,0,0,0, 4] +
     1X[0,1,0,0,0,0,0,0,0,0,0,0,0,0,0,0,0,0,0,0,0,-4] +
     1X[1,0,0,0,0,0,0,0,0,0,0,0,0,0,1,0,0,0,0,0,0,-2]
Einstein constant: E=5/12
Isotype in Sym^2_0                                CasGMin        CasGMax        CasH           A*AMin         A*AMax         q(R)Min        
[0,0,0,0,0,0,0,0,0,0,0,0,0,0,0,0,0,0,0,0,0,0]     22/21          43/21          0              8/21           29/21          2/21           
[0,0,0,0,0,0,0,0,0,0,0,0,0,0,0,1,0,0,0,0,0,0]     40/21          43/21          2/7            20/21          23/21          11/21          
[0,0,0,0,0,0,0,0,0,0,0,0,0,0,2,0,0,0,0,0,0,0]     22/21          43/21          1/3            1/21           22/21          29/84          
[0,0,0,0,0,0,0,0,0,0,0,0,0,1,1,0,0,0,0,0,0,2]     22/21          43/21          1/3            1/21           22/21          29/84          
[0,0,0,0,0,0,0,0,0,0,0,0,0,2,0,0,0,0,0,0,0,4]     22/21          43/21          8/21           0              1              8/21           
[0,0,0,0,0,0,0,0,0,0,0,0,0,2,2,0,0,0,0,0,0,4]     43/21          43/21          5/7            2/3            2/3            37/42          
[0,0,0,0,0,0,0,0,0,0,0,0,1,0,0,1,0,0,0,0,0,4]     40/21          43/21          13/21          13/21          16/21          65/84          
[0,0,0,0,0,0,0,0,0,0,0,0,1,1,1,0,0,0,0,0,0,6]     43/21          43/21          29/42          29/42          29/42          145/168        
[0,0,0,0,0,0,0,0,0,0,0,0,2,0,0,0,0,0,0,0,0,8]     43/21          43/21          5/7            2/3            2/3            37/42          
[0,0,0,0,0,0,0,0,0,0,0,1,0,0,1,0,0,0,0,0,0,6]     40/21          40/21          13/21          13/21          13/21          65/84          
[0,0,0,0,0,0,0,0,0,0,1,0,0,0,0,0,0,0,0,0,0,8]     40/21          40/21          4/7            2/3            2/3            31/42          
[0,0,0,1,0,0,0,0,0,0,0,0,0,0,0,0,0,0,0,0,0,-8]    40/21          40/21          4/7            2/3            2/3            31/42          
[0,0,1,0,0,0,0,0,0,0,0,0,0,0,1,0,0,0,0,0,0,-6]    40/21          40/21          13/21          13/21          13/21          65/84          
[0,1,0,0,0,0,0,0,0,0,0,0,0,0,0,1,0,0,0,0,0,-4]    40/21          43/21          13/21          13/21          16/21          65/84          
[0,1,0,0,0,0,0,0,0,0,0,0,0,1,1,0,0,0,0,0,0,-2]    40/21          43/21          2/3            4/7            5/7            17/21          
[0,1,0,0,0,0,0,0,0,0,0,0,1,0,0,0,0,0,0,0,0,0]     40/21          43/21          2/3            4/7            5/7            17/21          
[0,2,0,0,0,0,0,0,0,0,0,0,0,0,0,0,0,0,0,0,0,-8]    43/21          43/21          5/7            2/3            2/3            37/42          
[1,0,0,0,0,0,0,0,0,0,0,0,0,0,1,0,0,0,0,0,0,-2]    22/21          43/21          1/3            1/21           22/21          29/84          
[1,0,0,0,0,0,0,0,0,0,0,0,0,1,0,0,0,0,0,0,0,0]     22/21          43/21          5/14           1/42           43/42          61/168         
[1,0,0,0,0,0,0,0,0,0,0,0,0,1,0,1,0,0,0,0,0,0]     40/21          43/21          9/14           25/42          31/42          19/24          
[1,0,0,0,0,0,0,0,0,0,0,0,0,1,2,0,0,0,0,0,0,0]     43/21          43/21          29/42          29/42          29/42          145/168        
[1,0,0,0,0,0,0,0,0,0,0,0,1,0,1,0,0,0,0,0,0,2]     40/21          43/21          2/3            4/7            5/7            17/21          
[1,1,0,0,0,0,0,0,0,0,0,0,0,0,1,0,0,0,0,0,0,-6]    43/21          43/21          29/42          29/42          29/42          145/168        
[2,0,0,0,0,0,0,0,0,0,0,0,0,0,0,0,0,0,0,0,0,-4]    22/21          43/21          8/21           0              1              8/21           
[2,0,0,0,0,0,0,0,0,0,0,0,0,0,2,0,0,0,0,0,0,-4]    43/21          43/21          5/7            2/3            2/3            37/42          
q(R)>E is potentially violated on: [[0,0,0,0,0,0,0,0,0,0,0,0,0,0,0,0,0,0,0,0,0,0], [0,0,0,0,0,0,0,0,0,0,0,0,0,0,2,0,0,0,0,0,0,0], [0,0,0,0,0,0,0,0,0,0,0,0,0,1,1,0,0,0,0,0,0,2], [0,0,0,0,0,0,0,0,0,0,0,0,0,2,0,0,0,0,0,0,0,4], [1,0,0,0,0,0,0,0,0,0,0,0,0,0,1,0,0,0,0,0,0,-2], [1,0,0,0,0,0,0,0,0,0,0,0,0,1,0,0,0,0,0,0,0,0], [2,0,0,0,0,0,0,0,0,0,0,0,0,0,0,0,0,0,0,0,0,-4]]
Crude estimate: LL > 2E if CasG > 1/14*sqrt(319) + 32/21, approx. 2.7996
Fourier mode                                      CasG           KT?            LL >=          LL >= 2E?      
0                                                 0              !              -13/42                        
1e_2                                              1                             3/28                          
2e_1                                              22/21                         5/42                          
1e_4                                              40/21                         85/84          >              
1e_1+1e_3                                         2                             22/21          >              
2e_2                                              43/21                         15/14          >              
2e_1+1e_2                                         44/21                         47/42          >              
4e_1                                              46/21                         17/14          >              
1e_6                                              19/7                          51/28          >              

Done!