====== Sym2LowerBounds (2023/02/18 18:00) for G=D25, H=A16D8T1======

LiE isotropy representation:      1X[0,0,0,0,0,0,0,0,0,0,0,0,0,0,0,1,1,0,0,0,0,0,0,0, 2] +
     1X[0,0,0,0,0,0,0,0,0,0,0,0,0,0,1,0,0,0,0,0,0,0,0,0, 4] +
     1X[0,1,0,0,0,0,0,0,0,0,0,0,0,0,0,0,0,0,0,0,0,0,0,0,-4] +
     1X[1,0,0,0,0,0,0,0,0,0,0,0,0,0,0,0,1,0,0,0,0,0,0,0,-2]
Einstein constant: E=5/12
Isotype in Sym^2_0                                      CasGMin        CasGMax        CasH           A*AMin         A*AMax         q(R)Min        
[0,0,0,0,0,0,0,0,0,0,0,0,0,0,0,0,0,0,0,0,0,0,0,0,0]     25/24          49/24          0              3/8            11/8           3/32           
[0,0,0,0,0,0,0,0,0,0,0,0,0,0,0,0,0,1,0,0,0,0,0,0,0]     23/12          49/24          7/24           23/24          13/12          17/32          
[0,0,0,0,0,0,0,0,0,0,0,0,0,0,0,0,2,0,0,0,0,0,0,0,0]     25/24          49/24          1/3            1/24           25/24          11/32          
[0,0,0,0,0,0,0,0,0,0,0,0,0,0,0,1,1,0,0,0,0,0,0,0,2]     25/24          49/24          1/3            1/24           25/24          11/32          
[0,0,0,0,0,0,0,0,0,0,0,0,0,0,0,2,0,0,0,0,0,0,0,0,4]     25/24          49/24          3/8            0              1              3/8            
[0,0,0,0,0,0,0,0,0,0,0,0,0,0,0,2,2,0,0,0,0,0,0,0,4]     49/24          49/24          17/24          2/3            2/3            7/8            
[0,0,0,0,0,0,0,0,0,0,0,0,0,0,1,0,0,1,0,0,0,0,0,0,4]     23/12          49/24          5/8            5/8            3/4            25/32          
[0,0,0,0,0,0,0,0,0,0,0,0,0,0,1,1,1,0,0,0,0,0,0,0,6]     49/24          49/24          11/16          11/16          11/16          55/64          
[0,0,0,0,0,0,0,0,0,0,0,0,0,0,2,0,0,0,0,0,0,0,0,0,8]     49/24          49/24          17/24          2/3            2/3            7/8            
[0,0,0,0,0,0,0,0,0,0,0,0,0,1,0,0,1,0,0,0,0,0,0,0,6]     23/12          23/12          5/8            5/8            5/8            25/32          
[0,0,0,0,0,0,0,0,0,0,0,0,1,0,0,0,0,0,0,0,0,0,0,0,8]     23/12          23/12          7/12           2/3            2/3            3/4            
[0,0,0,1,0,0,0,0,0,0,0,0,0,0,0,0,0,0,0,0,0,0,0,0,-8]    23/12          23/12          7/12           2/3            2/3            3/4            
[0,0,1,0,0,0,0,0,0,0,0,0,0,0,0,0,1,0,0,0,0,0,0,0,-6]    23/12          23/12          5/8            5/8            5/8            25/32          
[0,1,0,0,0,0,0,0,0,0,0,0,0,0,0,0,0,1,0,0,0,0,0,0,-4]    23/12          49/24          5/8            5/8            3/4            25/32          
[0,1,0,0,0,0,0,0,0,0,0,0,0,0,0,1,1,0,0,0,0,0,0,0,-2]    23/12          49/24          2/3            7/12           17/24          13/16          
[0,1,0,0,0,0,0,0,0,0,0,0,0,0,1,0,0,0,0,0,0,0,0,0,0]     23/12          49/24          2/3            7/12           17/24          13/16          
[0,2,0,0,0,0,0,0,0,0,0,0,0,0,0,0,0,0,0,0,0,0,0,0,-8]    49/24          49/24          17/24          2/3            2/3            7/8            
[1,0,0,0,0,0,0,0,0,0,0,0,0,0,0,0,1,0,0,0,0,0,0,0,-2]    25/24          49/24          1/3            1/24           25/24          11/32          
[1,0,0,0,0,0,0,0,0,0,0,0,0,0,0,1,0,0,0,0,0,0,0,0,0]     25/24          49/24          17/48          1/48           49/48          23/64          
[1,0,0,0,0,0,0,0,0,0,0,0,0,0,0,1,0,1,0,0,0,0,0,0,0]     23/12          49/24          31/48          29/48          35/48          51/64          
[1,0,0,0,0,0,0,0,0,0,0,0,0,0,0,1,2,0,0,0,0,0,0,0,0]     49/24          49/24          11/16          11/16          11/16          55/64          
[1,0,0,0,0,0,0,0,0,0,0,0,0,0,1,0,1,0,0,0,0,0,0,0,2]     23/12          49/24          2/3            7/12           17/24          13/16          
[1,1,0,0,0,0,0,0,0,0,0,0,0,0,0,0,1,0,0,0,0,0,0,0,-6]    49/24          49/24          11/16          11/16          11/16          55/64          
[2,0,0,0,0,0,0,0,0,0,0,0,0,0,0,0,0,0,0,0,0,0,0,0,-4]    25/24          49/24          3/8            0              1              3/8            
[2,0,0,0,0,0,0,0,0,0,0,0,0,0,0,0,2,0,0,0,0,0,0,0,-4]    49/24          49/24          17/24          2/3            2/3            7/8            
q(R)>E is potentially violated on: [[0,0,0,0,0,0,0,0,0,0,0,0,0,0,0,0,0,0,0,0,0,0,0,0,0], [0,0,0,0,0,0,0,0,0,0,0,0,0,0,0,0,2,0,0,0,0,0,0,0,0], [0,0,0,0,0,0,0,0,0,0,0,0,0,0,0,1,1,0,0,0,0,0,0,0,2], [0,0,0,0,0,0,0,0,0,0,0,0,0,0,0,2,0,0,0,0,0,0,0,0,4], [1,0,0,0,0,0,0,0,0,0,0,0,0,0,0,0,1,0,0,0,0,0,0,0,-2], [1,0,0,0,0,0,0,0,0,0,0,0,0,0,0,1,0,0,0,0,0,0,0,0,0], [2,0,0,0,0,0,0,0,0,0,0,0,0,0,0,0,0,0,0,0,0,0,0,0,-4]]
Crude estimate: LL > 2E if CasG > 1/48*sqrt(3729) + 73/48, approx. 2.7930
Fourier mode                                            CasG           KT?            LL >=          LL >= 2E?      
0                                                       0              !              -5/16                         
1e_2                                                    1                             11/96                         
2e_1                                                    25/24                         1/8                           
1e_4                                                    23/12                         33/32          >              
1e_1+1e_3                                               2                             17/16          >              
2e_2                                                    49/24                         13/12          >              
2e_1+1e_2                                               25/12                         9/8            >              
4e_1                                                    13/6                          29/24          >              
1e_6                                                    11/4                          179/96         >              

Done!