====== Sym2LowerBounds (2023/03/04 19:15) for G=A7, H=T7======

LiE isotropy representation:      1X[-2, 1, 0, 0, 0, 0, 0] +1X[-1,-1, 1, 0, 0, 0, 0] +
     1X[-1, 0,-1, 1, 0, 0, 0] +1X[-1, 0, 0,-1, 1, 0, 0] +
     1X[-1, 0, 0, 0,-1, 1, 0] +1X[-1, 0, 0, 0, 0,-1, 1] +
     1X[-1, 0, 0, 0, 0, 0,-1] +1X[-1, 1, 0, 0, 0, 0, 1] +
     1X[-1, 1, 0, 0, 0, 1,-1] +1X[-1, 1, 0, 0, 1,-1, 0] +
     1X[-1, 1, 0, 1,-1, 0, 0] +1X[-1, 1, 1,-1, 0, 0, 0] +
     1X[-1, 2,-1, 0, 0, 0, 0] +1X[ 0,-1, 1, 0, 0, 0, 1] +
     1X[ 0,-1, 1, 0, 0, 1,-1] +1X[ 0,-1, 1, 0, 1,-1, 0] +
     1X[ 0,-1, 1, 1,-1, 0, 0] +1X[ 0,-1, 2,-1, 0, 0, 0] +
     1X[ 0, 0,-1, 1, 0, 0, 1] +1X[ 0, 0,-1, 1, 0, 1,-1] +
     1X[ 0, 0,-1, 1, 1,-1, 0] +1X[ 0, 0,-1, 2,-1, 0, 0] +
     1X[ 0, 0, 0,-1, 1, 0, 1] +1X[ 0, 0, 0,-1, 1, 1,-1] +
     1X[ 0, 0, 0,-1, 2,-1, 0] +1X[ 0, 0, 0, 0,-1, 1, 1] +
     1X[ 0, 0, 0, 0,-1, 2,-1] +1X[ 0, 0, 0, 0, 0,-1, 2] +
     1X[ 0, 0, 0, 0, 0, 1,-2] +1X[ 0, 0, 0, 0, 1,-2, 1] +
     1X[ 0, 0, 0, 0, 1,-1,-1] +1X[ 0, 0, 0, 1,-2, 1, 0] +
     1X[ 0, 0, 0, 1,-1,-1, 1] +1X[ 0, 0, 0, 1,-1, 0,-1] +
     1X[ 0, 0, 1,-2, 1, 0, 0] +1X[ 0, 0, 1,-1,-1, 1, 0] +
     1X[ 0, 0, 1,-1, 0,-1, 1] +1X[ 0, 0, 1,-1, 0, 0,-1] +
     1X[ 0, 1,-2, 1, 0, 0, 0] +1X[ 0, 1,-1,-1, 1, 0, 0] +
     1X[ 0, 1,-1, 0,-1, 1, 0] +1X[ 0, 1,-1, 0, 0,-1, 1] +
     1X[ 0, 1,-1, 0, 0, 0,-1] +1X[ 1,-2, 1, 0, 0, 0, 0] +
     1X[ 1,-1,-1, 1, 0, 0, 0] +1X[ 1,-1, 0,-1, 1, 0, 0] +
     1X[ 1,-1, 0, 0,-1, 1, 0] +1X[ 1,-1, 0, 0, 0,-1, 1] +
     1X[ 1,-1, 0, 0, 0, 0,-1] +1X[ 1, 0, 0, 0, 0, 0, 1] +
     1X[ 1, 0, 0, 0, 0, 1,-1] +1X[ 1, 0, 0, 0, 1,-1, 0] +
     1X[ 1, 0, 0, 1,-1, 0, 0] +1X[ 1, 0, 1,-1, 0, 0, 0] +
     1X[ 1, 1,-1, 0, 0, 0, 0] +1X[ 2,-1, 0, 0, 0, 0, 0]
Einstein constant: E=5/16
q(R)>E is potentially violated on a subspace of dimension: 57
Crude estimate: LL > 2E if CasG > 1/4*sqrt(26) + 21/16, approx. 2.5873
Scanning for 0 <= CasG <= C.
Fourier mode             CasG           LL >=          LL >= 2E?      
0                        0              -1/4                          
1e_1+1e_7                1              5/16                          
1e_2+1e_6                7/4            17/16          >              
2e_1+1e_6                2              19/16          >              
1e_2+2e_7                2              19/16          >              
1e_3+1e_5                9/4            25/16          >              
2e_1+2e_7                9/4            21/16          >              
2e_4                     5/2            29/16          >              

Done!