====== Sym2LowerBounds (2023/02/18 18:00) for G=C17, H=A10C6T1======

LiE isotropy representation:      1X[0,0,0,0,0,0,0,0,0,1,1,0,0,0,0,0, 1] +
     1X[0,0,0,0,0,0,0,0,0,2,0,0,0,0,0,0, 2] +
     1X[1,0,0,0,0,0,0,0,0,0,1,0,0,0,0,0,-1] +
     1X[2,0,0,0,0,0,0,0,0,0,0,0,0,0,0,0,-2]
Einstein constant: E=5/12
Isotype in Sym^2_0                      CasGMin        CasGMax        CasH           A*AMin         A*AMax         q(R)Min        
[0,0,0,0,0,0,0,0,0,0,0,0,0,0,0,0,0]     17/18          19/9           0              5/18           13/9           5/72           
[0,0,0,0,0,0,0,0,0,0,0,1,0,0,0,0,0]     17/18          35/18          1/3            -1/18          17/18          23/72          
[0,0,0,0,0,0,0,0,0,0,2,0,0,0,0,0,0]     35/18          19/9           7/18           8/9            19/18          11/18          
[0,0,0,0,0,0,0,0,0,1,1,0,0,0,0,0,1]     17/18          19/9           1/3            -1/18          10/9           23/72          
[0,0,0,0,0,0,0,0,0,2,2,0,0,0,0,0,2]     35/18          19/9           13/18          5/9            13/18          31/36          
[0,0,0,0,0,0,0,0,0,3,1,0,0,0,0,0,3]     19/9           19/9           13/18          13/18          13/18          65/72          
[0,0,0,0,0,0,0,0,0,4,0,0,0,0,0,0,4]     19/9           19/9           7/9            2/3            2/3            17/18          
[0,0,0,0,0,0,0,0,1,0,0,0,0,0,0,0,2]     17/18          35/18          5/18           0              1              5/18           
[0,0,0,0,0,0,0,0,1,0,0,1,0,0,0,0,2]     35/18          35/18          11/18          2/3            2/3            7/9            
[0,0,0,0,0,0,0,0,1,1,1,0,0,0,0,0,3]     35/18          35/18          23/36          23/36          23/36          115/144        
[0,0,0,0,0,0,0,0,2,0,0,0,0,0,0,0,4]     35/18          35/18          11/18          2/3            2/3            7/9            
[0,1,0,0,0,0,0,0,0,0,0,0,0,0,0,0,-2]    17/18          35/18          5/18           0              1              5/18           
[0,1,0,0,0,0,0,0,0,0,0,1,0,0,0,0,-2]    35/18          35/18          11/18          2/3            2/3            7/9            
[0,2,0,0,0,0,0,0,0,0,0,0,0,0,0,0,-4]    35/18          35/18          11/18          2/3            2/3            7/9            
[1,0,0,0,0,0,0,0,0,0,1,0,0,0,0,0,-1]    17/18          19/9           1/3            -1/18          10/9           23/72          
[1,0,0,0,0,0,0,0,0,1,0,0,0,0,0,0,0]     17/18          19/9           11/36          -1/36          41/36          43/144         
[1,0,0,0,0,0,0,0,0,1,0,1,0,0,0,0,0]     35/18          35/18          23/36          23/36          23/36          115/144        
[1,0,0,0,0,0,0,0,0,1,2,0,0,0,0,0,0]     35/18          19/9           25/36          7/12           3/4            121/144        
[1,0,0,0,0,0,0,0,0,2,1,0,0,0,0,0,1]     35/18          19/9           2/3            11/18          7/9            59/72          
[1,1,0,0,0,0,0,0,0,0,1,0,0,0,0,0,-3]    35/18          35/18          23/36          23/36          23/36          115/144        
[2,0,0,0,0,0,0,0,0,0,2,0,0,0,0,0,-2]    35/18          19/9           13/18          5/9            13/18          31/36          
[2,0,0,0,0,0,0,0,0,1,1,0,0,0,0,0,-1]    35/18          19/9           2/3            11/18          7/9            59/72          
[2,0,0,0,0,0,0,0,0,2,0,0,0,0,0,0,0]     35/18          19/9           2/3            11/18          7/9            59/72          
[3,0,0,0,0,0,0,0,0,0,1,0,0,0,0,0,-3]    19/9           19/9           13/18          13/18          13/18          65/72          
[4,0,0,0,0,0,0,0,0,0,0,0,0,0,0,0,-4]    19/9           19/9           7/9            2/3            2/3            17/18          
q(R)>E is potentially violated on: [[0,0,0,0,0,0,0,0,0,0,0,0,0,0,0,0,0], [0,0,0,0,0,0,0,0,0,0,0,1,0,0,0,0,0], [0,0,0,0,0,0,0,0,0,1,1,0,0,0,0,0,1], [0,0,0,0,0,0,0,0,1,0,0,0,0,0,0,0,2], [0,1,0,0,0,0,0,0,0,0,0,0,0,0,0,0,-2], [1,0,0,0,0,0,0,0,0,0,1,0,0,0,0,0,-1], [1,0,0,0,0,0,0,0,0,1,0,0,0,0,0,0,0]]
Crude estimate: LL > 2E if CasG > 1/9*sqrt(143) + 19/12, approx. 2.9120
Fourier mode                            CasG           KT?            LL >=          LL >= 2E?      
0                                       0              !              -4/9                          
1e_2                                    17/18                         -1/18                         
2e_1                                    1                             -1/18                         
1e_4                                    16/9                          7/9                           
1e_1+1e_3                               17/9                          5/6            >=             
2e_2                                    35/18                         8/9            >              
2e_1+1e_2                               2                             8/9            >              
4e_1                                    19/9                          17/18          >              
1e_6                                    5/2                           3/2            >              
1e_1+1e_5                               8/3                           29/18          >              
1e_2+1e_4                               25/9                          31/18          >              
2e_3                                    17/6                          16/9           >              
2e_1+1e_4                               17/6                          31/18          >              

Done!