====== Sym2LowerBounds (2023/02/18 18:00) for G=C20, H=A12C7T1======

LiE isotropy representation:      1X[0,0,0,0,0,0,0,0,0,0,0,1,1,0,0,0,0,0,0, 1] +
     1X[0,0,0,0,0,0,0,0,0,0,0,2,0,0,0,0,0,0,0, 2] +
     1X[1,0,0,0,0,0,0,0,0,0,0,0,1,0,0,0,0,0,0,-1] +
     1X[2,0,0,0,0,0,0,0,0,0,0,0,0,0,0,0,0,0,0,-2]
Einstein constant: E=5/12
Isotype in Sym^2_0                            CasGMin        CasGMax        CasH           A*AMin         A*AMax         q(R)Min        
[0,0,0,0,0,0,0,0,0,0,0,0,0,0,0,0,0,0,0,0]     20/21          44/21          0              2/7            10/7           1/14           
[0,0,0,0,0,0,0,0,0,0,0,0,0,1,0,0,0,0,0,0]     20/21          41/21          1/3            -1/21          20/21          9/28           
[0,0,0,0,0,0,0,0,0,0,0,0,2,0,0,0,0,0,0,0]     41/21          44/21          8/21           19/21          22/21          17/28          
[0,0,0,0,0,0,0,0,0,0,0,1,1,0,0,0,0,0,0,1]     20/21          44/21          1/3            -1/21          23/21          9/28           
[0,0,0,0,0,0,0,0,0,0,0,2,2,0,0,0,0,0,0,2]     41/21          44/21          5/7            4/7            5/7            6/7            
[0,0,0,0,0,0,0,0,0,0,0,3,1,0,0,0,0,0,0,3]     44/21          44/21          5/7            5/7            5/7            25/28          
[0,0,0,0,0,0,0,0,0,0,0,4,0,0,0,0,0,0,0,4]     44/21          44/21          16/21          2/3            2/3            13/14          
[0,0,0,0,0,0,0,0,0,0,1,0,0,0,0,0,0,0,0,2]     20/21          41/21          2/7            0              1              2/7            
[0,0,0,0,0,0,0,0,0,0,1,0,0,1,0,0,0,0,0,2]     41/21          41/21          13/21          2/3            2/3            11/14          
[0,0,0,0,0,0,0,0,0,0,1,1,1,0,0,0,0,0,0,3]     41/21          41/21          9/14           9/14           9/14           45/56          
[0,0,0,0,0,0,0,0,0,0,2,0,0,0,0,0,0,0,0,4]     41/21          41/21          13/21          2/3            2/3            11/14          
[0,1,0,0,0,0,0,0,0,0,0,0,0,0,0,0,0,0,0,-2]    20/21          41/21          2/7            0              1              2/7            
[0,1,0,0,0,0,0,0,0,0,0,0,0,1,0,0,0,0,0,-2]    41/21          41/21          13/21          2/3            2/3            11/14          
[0,2,0,0,0,0,0,0,0,0,0,0,0,0,0,0,0,0,0,-4]    41/21          41/21          13/21          2/3            2/3            11/14          
[1,0,0,0,0,0,0,0,0,0,0,0,1,0,0,0,0,0,0,-1]    20/21          44/21          1/3            -1/21          23/21          9/28           
[1,0,0,0,0,0,0,0,0,0,0,1,0,0,0,0,0,0,0,0]     20/21          44/21          13/42          -1/42          47/42          17/56          
[1,0,0,0,0,0,0,0,0,0,0,1,0,1,0,0,0,0,0,0]     41/21          41/21          9/14           9/14           9/14           45/56          
[1,0,0,0,0,0,0,0,0,0,0,1,2,0,0,0,0,0,0,0]     41/21          44/21          29/42          25/42          31/42          47/56          
[1,0,0,0,0,0,0,0,0,0,0,2,1,0,0,0,0,0,0,1]     41/21          44/21          2/3            13/21          16/21          23/28          
[1,1,0,0,0,0,0,0,0,0,0,0,1,0,0,0,0,0,0,-3]    41/21          41/21          9/14           9/14           9/14           45/56          
[2,0,0,0,0,0,0,0,0,0,0,0,2,0,0,0,0,0,0,-2]    41/21          44/21          5/7            4/7            5/7            6/7            
[2,0,0,0,0,0,0,0,0,0,0,1,1,0,0,0,0,0,0,-1]    41/21          44/21          2/3            13/21          16/21          23/28          
[2,0,0,0,0,0,0,0,0,0,0,2,0,0,0,0,0,0,0,0]     41/21          44/21          2/3            13/21          16/21          23/28          
[3,0,0,0,0,0,0,0,0,0,0,0,1,0,0,0,0,0,0,-3]    44/21          44/21          5/7            5/7            5/7            25/28          
[4,0,0,0,0,0,0,0,0,0,0,0,0,0,0,0,0,0,0,-4]    44/21          44/21          16/21          2/3            2/3            13/14          
q(R)>E is potentially violated on: [[0,0,0,0,0,0,0,0,0,0,0,0,0,0,0,0,0,0,0,0], [0,0,0,0,0,0,0,0,0,0,0,0,0,1,0,0,0,0,0,0], [0,0,0,0,0,0,0,0,0,0,0,1,1,0,0,0,0,0,0,1], [0,0,0,0,0,0,0,0,0,0,1,0,0,0,0,0,0,0,0,2], [0,1,0,0,0,0,0,0,0,0,0,0,0,0,0,0,0,0,0,-2], [1,0,0,0,0,0,0,0,0,0,0,0,1,0,0,0,0,0,0,-1], [1,0,0,0,0,0,0,0,0,0,0,1,0,0,0,0,0,0,0,0]]
Crude estimate: LL > 2E if CasG > 1/7*sqrt(85) + 11/7, approx. 2.8885
Fourier mode                                  CasG           KT?            LL >=          LL >= 2E?      
0                                             0              !              -3/7                          
1e_2                                          20/21                         -1/42                         
2e_1                                          1                             -1/42                         
1e_4                                          38/21                         5/6            >=             
1e_1+1e_3                                     40/21                         37/42          >              
2e_2                                          41/21                         13/14          >              
2e_1+1e_2                                     2                             13/14          >              
4e_1                                          44/21                         41/42          >              
1e_6                                          18/7                          67/42          >              
1e_1+1e_5                                     19/7                          71/42          >              
1e_2+1e_4                                     59/21                         25/14          >              
2e_3                                          20/7                          11/6           >              
2e_1+1e_4                                     20/7                          25/14          >              

Done!