====== Sym2LowerBounds (2023/02/18 18:00) for G=C23, H=A14C8T1======

LiE isotropy representation:      1X[0,0,0,0,0,0,0,0,0,0,0,0,0,1,1,0,0,0,0,0,0,0, 1] +
     1X[0,0,0,0,0,0,0,0,0,0,0,0,0,2,0,0,0,0,0,0,0,0, 2] +
     1X[1,0,0,0,0,0,0,0,0,0,0,0,0,0,1,0,0,0,0,0,0,0,-1] +
     1X[2,0,0,0,0,0,0,0,0,0,0,0,0,0,0,0,0,0,0,0,0,0,-2]
Einstein constant: E=5/12
Isotype in Sym^2_0                                  CasGMin        CasGMax        CasH           A*AMin         A*AMax         q(R)Min        
[0,0,0,0,0,0,0,0,0,0,0,0,0,0,0,0,0,0,0,0,0,0,0]     23/24          25/12          0              7/24           17/12          7/96           
[0,0,0,0,0,0,0,0,0,0,0,0,0,0,0,1,0,0,0,0,0,0,0]     23/24          47/24          1/3            -1/24          23/24          31/96          
[0,0,0,0,0,0,0,0,0,0,0,0,0,0,2,0,0,0,0,0,0,0,0]     47/24          25/12          3/8            11/12          25/24          29/48          
[0,0,0,0,0,0,0,0,0,0,0,0,0,1,1,0,0,0,0,0,0,0,1]     23/24          25/12          1/3            -1/24          13/12          31/96          
[0,0,0,0,0,0,0,0,0,0,0,0,0,2,2,0,0,0,0,0,0,0,2]     47/24          25/12          17/24          7/12           17/24          41/48          
[0,0,0,0,0,0,0,0,0,0,0,0,0,3,1,0,0,0,0,0,0,0,3]     25/12          25/12          17/24          17/24          17/24          85/96          
[0,0,0,0,0,0,0,0,0,0,0,0,0,4,0,0,0,0,0,0,0,0,4]     25/12          25/12          3/4            2/3            2/3            11/12          
[0,0,0,0,0,0,0,0,0,0,0,0,1,0,0,0,0,0,0,0,0,0,2]     23/24          47/24          7/24           0              1              7/24           
[0,0,0,0,0,0,0,0,0,0,0,0,1,0,0,1,0,0,0,0,0,0,2]     47/24          47/24          5/8            2/3            2/3            19/24          
[0,0,0,0,0,0,0,0,0,0,0,0,1,1,1,0,0,0,0,0,0,0,3]     47/24          47/24          31/48          31/48          31/48          155/192        
[0,0,0,0,0,0,0,0,0,0,0,0,2,0,0,0,0,0,0,0,0,0,4]     47/24          47/24          5/8            2/3            2/3            19/24          
[0,1,0,0,0,0,0,0,0,0,0,0,0,0,0,0,0,0,0,0,0,0,-2]    23/24          47/24          7/24           0              1              7/24           
[0,1,0,0,0,0,0,0,0,0,0,0,0,0,0,1,0,0,0,0,0,0,-2]    47/24          47/24          5/8            2/3            2/3            19/24          
[0,2,0,0,0,0,0,0,0,0,0,0,0,0,0,0,0,0,0,0,0,0,-4]    47/24          47/24          5/8            2/3            2/3            19/24          
[1,0,0,0,0,0,0,0,0,0,0,0,0,0,1,0,0,0,0,0,0,0,-1]    23/24          25/12          1/3            -1/24          13/12          31/96          
[1,0,0,0,0,0,0,0,0,0,0,0,0,1,0,0,0,0,0,0,0,0,0]     23/24          25/12          5/16           -1/48          53/48          59/192         
[1,0,0,0,0,0,0,0,0,0,0,0,0,1,0,1,0,0,0,0,0,0,0]     47/24          47/24          31/48          31/48          31/48          155/192        
[1,0,0,0,0,0,0,0,0,0,0,0,0,1,2,0,0,0,0,0,0,0,0]     47/24          25/12          11/16          29/48          35/48          161/192        
[1,0,0,0,0,0,0,0,0,0,0,0,0,2,1,0,0,0,0,0,0,0,1]     47/24          25/12          2/3            5/8            3/4            79/96          
[1,1,0,0,0,0,0,0,0,0,0,0,0,0,1,0,0,0,0,0,0,0,-3]    47/24          47/24          31/48          31/48          31/48          155/192        
[2,0,0,0,0,0,0,0,0,0,0,0,0,0,2,0,0,0,0,0,0,0,-2]    47/24          25/12          17/24          7/12           17/24          41/48          
[2,0,0,0,0,0,0,0,0,0,0,0,0,1,1,0,0,0,0,0,0,0,-1]    47/24          25/12          2/3            5/8            3/4            79/96          
[2,0,0,0,0,0,0,0,0,0,0,0,0,2,0,0,0,0,0,0,0,0,0]     47/24          25/12          2/3            5/8            3/4            79/96          
[3,0,0,0,0,0,0,0,0,0,0,0,0,0,1,0,0,0,0,0,0,0,-3]    25/12          25/12          17/24          17/24          17/24          85/96          
[4,0,0,0,0,0,0,0,0,0,0,0,0,0,0,0,0,0,0,0,0,0,-4]    25/12          25/12          3/4            2/3            2/3            11/12          
q(R)>E is potentially violated on: [[0,0,0,0,0,0,0,0,0,0,0,0,0,0,0,0,0,0,0,0,0,0,0], [0,0,0,0,0,0,0,0,0,0,0,0,0,0,0,1,0,0,0,0,0,0,0], [0,0,0,0,0,0,0,0,0,0,0,0,0,1,1,0,0,0,0,0,0,0,1], [0,0,0,0,0,0,0,0,0,0,0,0,1,0,0,0,0,0,0,0,0,0,2], [0,1,0,0,0,0,0,0,0,0,0,0,0,0,0,0,0,0,0,0,0,0,-2], [1,0,0,0,0,0,0,0,0,0,0,0,0,0,1,0,0,0,0,0,0,0,-1], [1,0,0,0,0,0,0,0,0,0,0,0,0,1,0,0,0,0,0,0,0,0,0]]
Crude estimate: LL > 2E if CasG > 1/24*sqrt(986) + 25/16, approx. 2.8709
Fourier mode                                        CasG           KT?            LL >=          LL >= 2E?      
0                                                   0              !              -5/12                         
1e_2                                                23/24                         0                             
2e_1                                                1                             0                             
1e_4                                                11/6                          7/8            >              
1e_1+1e_3                                           23/12                         11/12          >              
2e_2                                                47/24                         23/24          >              
2e_1+1e_2                                           2                             23/24          >              
4e_1                                                25/12                         1              >              
1e_6                                                21/8                          5/3            >              
1e_1+1e_5                                           11/4                          7/4            >              
1e_2+1e_4                                           17/6                          11/6           >              

Done!