====== Sym2LowerBounds (2023/02/18 18:00) for G=C26, H=A16C9T1======

LiE isotropy representation:      1X[0,0,0,0,0,0,0,0,0,0,0,0,0,0,0,1,1,0,0,0,0,0,0,0,0, 1] +
     1X[0,0,0,0,0,0,0,0,0,0,0,0,0,0,0,2,0,0,0,0,0,0,0,0,0, 2] +
     1X[1,0,0,0,0,0,0,0,0,0,0,0,0,0,0,0,1,0,0,0,0,0,0,0,0,-1] +
     1X[2,0,0,0,0,0,0,0,0,0,0,0,0,0,0,0,0,0,0,0,0,0,0,0,0,-2]
Einstein constant: E=5/12
Isotype in Sym^2_0                                        CasGMin        CasGMax        CasH           A*AMin         A*AMax         q(R)Min        
[0,0,0,0,0,0,0,0,0,0,0,0,0,0,0,0,0,0,0,0,0,0,0,0,0,0]     26/27          56/27          0              8/27           38/27          2/27           
[0,0,0,0,0,0,0,0,0,0,0,0,0,0,0,0,0,1,0,0,0,0,0,0,0,0]     26/27          53/27          1/3            -1/27          26/27          35/108         
[0,0,0,0,0,0,0,0,0,0,0,0,0,0,0,0,2,0,0,0,0,0,0,0,0,0]     53/27          56/27          10/27          25/27          28/27          65/108         
[0,0,0,0,0,0,0,0,0,0,0,0,0,0,0,1,1,0,0,0,0,0,0,0,0,1]     26/27          56/27          1/3            -1/27          29/27          35/108         
[0,0,0,0,0,0,0,0,0,0,0,0,0,0,0,2,2,0,0,0,0,0,0,0,0,2]     53/27          56/27          19/27          16/27          19/27          23/27          
[0,0,0,0,0,0,0,0,0,0,0,0,0,0,0,3,1,0,0,0,0,0,0,0,0,3]     56/27          56/27          19/27          19/27          19/27          95/108         
[0,0,0,0,0,0,0,0,0,0,0,0,0,0,0,4,0,0,0,0,0,0,0,0,0,4]     56/27          56/27          20/27          2/3            2/3            49/54          
[0,0,0,0,0,0,0,0,0,0,0,0,0,0,1,0,0,0,0,0,0,0,0,0,0,2]     26/27          53/27          8/27           0              1              8/27           
[0,0,0,0,0,0,0,0,0,0,0,0,0,0,1,0,0,1,0,0,0,0,0,0,0,2]     53/27          53/27          17/27          2/3            2/3            43/54          
[0,0,0,0,0,0,0,0,0,0,0,0,0,0,1,1,1,0,0,0,0,0,0,0,0,3]     53/27          53/27          35/54          35/54          35/54          175/216        
[0,0,0,0,0,0,0,0,0,0,0,0,0,0,2,0,0,0,0,0,0,0,0,0,0,4]     53/27          53/27          17/27          2/3            2/3            43/54          
[0,1,0,0,0,0,0,0,0,0,0,0,0,0,0,0,0,0,0,0,0,0,0,0,0,-2]    26/27          53/27          8/27           0              1              8/27           
[0,1,0,0,0,0,0,0,0,0,0,0,0,0,0,0,0,1,0,0,0,0,0,0,0,-2]    53/27          53/27          17/27          2/3            2/3            43/54          
[0,2,0,0,0,0,0,0,0,0,0,0,0,0,0,0,0,0,0,0,0,0,0,0,0,-4]    53/27          53/27          17/27          2/3            2/3            43/54          
[1,0,0,0,0,0,0,0,0,0,0,0,0,0,0,0,1,0,0,0,0,0,0,0,0,-1]    26/27          56/27          1/3            -1/27          29/27          35/108         
[1,0,0,0,0,0,0,0,0,0,0,0,0,0,0,1,0,0,0,0,0,0,0,0,0,0]     26/27          56/27          17/54          -1/54          59/54          67/216         
[1,0,0,0,0,0,0,0,0,0,0,0,0,0,0,1,0,1,0,0,0,0,0,0,0,0]     53/27          53/27          35/54          35/54          35/54          175/216        
[1,0,0,0,0,0,0,0,0,0,0,0,0,0,0,1,2,0,0,0,0,0,0,0,0,0]     53/27          56/27          37/54          11/18          13/18          181/216        
[1,0,0,0,0,0,0,0,0,0,0,0,0,0,0,2,1,0,0,0,0,0,0,0,0,1]     53/27          56/27          2/3            17/27          20/27          89/108         
[1,1,0,0,0,0,0,0,0,0,0,0,0,0,0,0,1,0,0,0,0,0,0,0,0,-3]    53/27          53/27          35/54          35/54          35/54          175/216        
[2,0,0,0,0,0,0,0,0,0,0,0,0,0,0,0,2,0,0,0,0,0,0,0,0,-2]    53/27          56/27          19/27          16/27          19/27          23/27          
[2,0,0,0,0,0,0,0,0,0,0,0,0,0,0,1,1,0,0,0,0,0,0,0,0,-1]    53/27          56/27          2/3            17/27          20/27          89/108         
[2,0,0,0,0,0,0,0,0,0,0,0,0,0,0,2,0,0,0,0,0,0,0,0,0,0]     53/27          56/27          2/3            17/27          20/27          89/108         
[3,0,0,0,0,0,0,0,0,0,0,0,0,0,0,0,1,0,0,0,0,0,0,0,0,-3]    56/27          56/27          19/27          19/27          19/27          95/108         
[4,0,0,0,0,0,0,0,0,0,0,0,0,0,0,0,0,0,0,0,0,0,0,0,0,-4]    56/27          56/27          20/27          2/3            2/3            49/54          
q(R)>E is potentially violated on: [[0,0,0,0,0,0,0,0,0,0,0,0,0,0,0,0,0,0,0,0,0,0,0,0,0,0], [0,0,0,0,0,0,0,0,0,0,0,0,0,0,0,0,0,1,0,0,0,0,0,0,0,0], [0,0,0,0,0,0,0,0,0,0,0,0,0,0,0,1,1,0,0,0,0,0,0,0,0,1], [0,0,0,0,0,0,0,0,0,0,0,0,0,0,1,0,0,0,0,0,0,0,0,0,0,2], [0,1,0,0,0,0,0,0,0,0,0,0,0,0,0,0,0,0,0,0,0,0,0,0,0,-2], [1,0,0,0,0,0,0,0,0,0,0,0,0,0,0,0,1,0,0,0,0,0,0,0,0,-1], [1,0,0,0,0,0,0,0,0,0,0,0,0,0,0,1,0,0,0,0,0,0,0,0,0,0]]
Crude estimate: LL > 2E if CasG > 1/27*sqrt(1235) + 14/9, approx. 2.8571
Fourier mode                                              CasG           KT?            LL >=          LL >= 2E?      
0                                                         0              !              -11/27                        
1e_2                                                      26/27                         1/54                          
2e_1                                                      1                             1/54                          
1e_4                                                      50/27                         49/54          >              
1e_1+1e_3                                                 52/27                         17/18          >              
2e_2                                                      53/27                         53/54          >              
2e_1+1e_2                                                 2                             53/54          >              
4e_1                                                      56/27                         55/54          >              
1e_6                                                      8/3                           31/18          >              
1e_1+1e_5                                                 25/9                          97/54          >              
1e_2+1e_4                                                 77/27                         101/54         >              

Done!