====== Sym2LowerBounds (2023/01/26, 14:30) for G=B17, H=B3B3B3B3B3======

LiE isotropy representation:      1X[0,0,0,0,0,0,0,0,0,1,0,0,1,0,0] +
     1X[0,0,0,0,0,0,1,0,0,0,0,0,1,0,0] +
     1X[0,0,0,0,0,0,1,0,0,1,0,0,0,0,0] +
     1X[0,0,0,1,0,0,0,0,0,0,0,0,1,0,0] +
     1X[0,0,0,1,0,0,0,0,0,1,0,0,0,0,0] +
     1X[0,0,0,1,0,0,1,0,0,0,0,0,0,0,0] +
     1X[1,0,0,0,0,0,0,0,0,0,0,0,1,0,0] +
     1X[1,0,0,0,0,0,0,0,0,1,0,0,0,0,0] +
     1X[1,0,0,0,0,0,1,0,0,0,0,0,0,0,0] +
     1X[1,0,0,1,0,0,0,0,0,0,0,0,0,0,0]
Einstein constant: E=15/44
Isotype in Sym^2_0                  CasGMin        CasGMax        CasH           A*AMin         A*AMax         q(R)Min        
[0,0,0,0,0,0,0,0,0,0,0,0,0,0,0]     35/33          68/33          0              23/33          56/33          23/132         
[0,0,0,0,0,0,0,0,0,0,0,0,2,0,0]     35/33          68/33          7/33           16/33          49/33          1/3            
[0,0,0,0,0,0,0,0,0,0,1,0,0,1,0]     62/33          68/33          10/33          40/33          46/33          20/33          
[0,0,0,0,0,0,0,0,0,1,0,0,1,0,0]     35/33          68/33          2/11           17/33          50/33          41/132         
[0,0,0,0,0,0,0,0,0,2,0,0,0,0,0]     35/33          68/33          7/33           16/33          49/33          1/3            
[0,0,0,0,0,0,0,0,0,2,0,0,2,0,0]     68/33          68/33          14/33          14/11          14/11          49/66          
[0,0,0,0,0,0,0,1,0,0,0,0,0,1,0]     62/33          68/33          10/33          40/33          46/33          20/33          
[0,0,0,0,0,0,0,1,0,0,1,0,0,0,0]     62/33          68/33          10/33          40/33          46/33          20/33          
[0,0,0,0,0,0,0,1,0,1,0,0,1,0,0]     62/33          68/33          1/3            13/11          15/11          83/132         
[0,0,0,0,0,0,1,0,0,0,0,0,1,0,0]     35/33          68/33          2/11           17/33          50/33          41/132         
[0,0,0,0,0,0,1,0,0,0,1,0,1,0,0]     62/33          68/33          1/3            13/11          15/11          83/132         
[0,0,0,0,0,0,1,0,0,1,0,0,0,0,0]     35/33          68/33          2/11           17/33          50/33          41/132         
[0,0,0,0,0,0,1,0,0,1,0,0,0,1,0]     62/33          68/33          1/3            13/11          15/11          83/132         
[0,0,0,0,0,0,1,0,0,1,0,0,2,0,0]     68/33          68/33          13/33          43/33          43/33          95/132         
[0,0,0,0,0,0,1,0,0,2,0,0,1,0,0]     68/33          68/33          13/33          43/33          43/33          95/132         
[0,0,0,0,0,0,2,0,0,0,0,0,0,0,0]     35/33          68/33          7/33           16/33          49/33          1/3            
[0,0,0,0,0,0,2,0,0,0,0,0,2,0,0]     68/33          68/33          14/33          14/11          14/11          49/66          
[0,0,0,0,0,0,2,0,0,1,0,0,1,0,0]     68/33          68/33          13/33          43/33          43/33          95/132         
[0,0,0,0,0,0,2,0,0,2,0,0,0,0,0]     68/33          68/33          14/33          14/11          14/11          49/66          
[0,0,0,0,1,0,0,0,0,0,0,0,0,1,0]     62/33          68/33          10/33          40/33          46/33          20/33          
[0,0,0,0,1,0,0,0,0,0,1,0,0,0,0]     62/33          68/33          10/33          40/33          46/33          20/33          
[0,0,0,0,1,0,0,0,0,1,0,0,1,0,0]     62/33          68/33          1/3            13/11          15/11          83/132         
[0,0,0,0,1,0,0,1,0,0,0,0,0,0,0]     62/33          68/33          10/33          40/33          46/33          20/33          
[0,0,0,0,1,0,1,0,0,0,0,0,1,0,0]     62/33          68/33          1/3            13/11          15/11          83/132         
[0,0,0,0,1,0,1,0,0,1,0,0,0,0,0]     62/33          68/33          1/3            13/11          15/11          83/132         
[0,0,0,1,0,0,0,0,0,0,0,0,1,0,0]     35/33          68/33          2/11           17/33          50/33          41/132         
[0,0,0,1,0,0,0,0,0,0,1,0,1,0,0]     62/33          68/33          1/3            13/11          15/11          83/132         
[0,0,0,1,0,0,0,0,0,1,0,0,0,0,0]     35/33          68/33          2/11           17/33          50/33          41/132         
[0,0,0,1,0,0,0,0,0,1,0,0,0,1,0]     62/33          68/33          1/3            13/11          15/11          83/132         
[0,0,0,1,0,0,0,0,0,1,0,0,2,0,0]     68/33          68/33          13/33          43/33          43/33          95/132         
[0,0,0,1,0,0,0,0,0,2,0,0,1,0,0]     68/33          68/33          13/33          43/33          43/33          95/132         
[0,0,0,1,0,0,0,1,0,0,0,0,1,0,0]     62/33          68/33          1/3            13/11          15/11          83/132         
[0,0,0,1,0,0,0,1,0,1,0,0,0,0,0]     62/33          68/33          1/3            13/11          15/11          83/132         
[0,0,0,1,0,0,1,0,0,0,0,0,0,0,0]     35/33          68/33          2/11           17/33          50/33          41/132         
[0,0,0,1,0,0,1,0,0,0,0,0,0,1,0]     62/33          68/33          1/3            13/11          15/11          83/132         
[0,0,0,1,0,0,1,0,0,0,0,0,2,0,0]     68/33          68/33          13/33          43/33          43/33          95/132         
[0,0,0,1,0,0,1,0,0,0,1,0,0,0,0]     62/33          68/33          1/3            13/11          15/11          83/132         
[0,0,0,1,0,0,1,0,0,1,0,0,1,0,0]     62/33          68/33          4/11           38/33          4/3            43/66          
[0,0,0,1,0,0,1,0,0,2,0,0,0,0,0]     68/33          68/33          13/33          43/33          43/33          95/132         
[0,0,0,1,0,0,2,0,0,0,0,0,1,0,0]     68/33          68/33          13/33          43/33          43/33          95/132         
[0,0,0,1,0,0,2,0,0,1,0,0,0,0,0]     68/33          68/33          13/33          43/33          43/33          95/132         
[0,0,0,2,0,0,0,0,0,0,0,0,0,0,0]     35/33          68/33          7/33           16/33          49/33          1/3            
[0,0,0,2,0,0,0,0,0,0,0,0,2,0,0]     68/33          68/33          14/33          14/11          14/11          49/66          
[0,0,0,2,0,0,0,0,0,1,0,0,1,0,0]     68/33          68/33          13/33          43/33          43/33          95/132         
[0,0,0,2,0,0,0,0,0,2,0,0,0,0,0]     68/33          68/33          14/33          14/11          14/11          49/66          
[0,0,0,2,0,0,1,0,0,0,0,0,1,0,0]     68/33          68/33          13/33          43/33          43/33          95/132         
[0,0,0,2,0,0,1,0,0,1,0,0,0,0,0]     68/33          68/33          13/33          43/33          43/33          95/132         
[0,0,0,2,0,0,2,0,0,0,0,0,0,0,0]     68/33          68/33          14/33          14/11          14/11          49/66          
[0,1,0,0,0,0,0,0,0,0,0,0,0,1,0]     62/33          68/33          10/33          40/33          46/33          20/33          
[0,1,0,0,0,0,0,0,0,0,1,0,0,0,0]     62/33          68/33          10/33          40/33          46/33          20/33          
[0,1,0,0,0,0,0,0,0,1,0,0,1,0,0]     62/33          68/33          1/3            13/11          15/11          83/132         
[0,1,0,0,0,0,0,1,0,0,0,0,0,0,0]     62/33          68/33          10/33          40/33          46/33          20/33          
[0,1,0,0,0,0,1,0,0,0,0,0,1,0,0]     62/33          68/33          1/3            13/11          15/11          83/132         
[0,1,0,0,0,0,1,0,0,1,0,0,0,0,0]     62/33          68/33          1/3            13/11          15/11          83/132         
[0,1,0,0,1,0,0,0,0,0,0,0,0,0,0]     62/33          68/33          10/33          40/33          46/33          20/33          
[0,1,0,1,0,0,0,0,0,0,0,0,1,0,0]     62/33          68/33          1/3            13/11          15/11          83/132         
[0,1,0,1,0,0,0,0,0,1,0,0,0,0,0]     62/33          68/33          1/3            13/11          15/11          83/132         
[0,1,0,1,0,0,1,0,0,0,0,0,0,0,0]     62/33          68/33          1/3            13/11          15/11          83/132         
[1,0,0,0,0,0,0,0,0,0,0,0,1,0,0]     35/33          68/33          2/11           17/33          50/33          41/132         
[1,0,0,0,0,0,0,0,0,0,1,0,1,0,0]     62/33          68/33          1/3            13/11          15/11          83/132         
[1,0,0,0,0,0,0,0,0,1,0,0,0,0,0]     35/33          68/33          2/11           17/33          50/33          41/132         
[1,0,0,0,0,0,0,0,0,1,0,0,0,1,0]     62/33          68/33          1/3            13/11          15/11          83/132         
[1,0,0,0,0,0,0,0,0,1,0,0,2,0,0]     68/33          68/33          13/33          43/33          43/33          95/132         
[1,0,0,0,0,0,0,0,0,2,0,0,1,0,0]     68/33          68/33          13/33          43/33          43/33          95/132         
[1,0,0,0,0,0,0,1,0,0,0,0,1,0,0]     62/33          68/33          1/3            13/11          15/11          83/132         
[1,0,0,0,0,0,0,1,0,1,0,0,0,0,0]     62/33          68/33          1/3            13/11          15/11          83/132         
[1,0,0,0,0,0,1,0,0,0,0,0,0,0,0]     35/33          68/33          2/11           17/33          50/33          41/132         
[1,0,0,0,0,0,1,0,0,0,0,0,0,1,0]     62/33          68/33          1/3            13/11          15/11          83/132         
[1,0,0,0,0,0,1,0,0,0,0,0,2,0,0]     68/33          68/33          13/33          43/33          43/33          95/132         
[1,0,0,0,0,0,1,0,0,0,1,0,0,0,0]     62/33          68/33          1/3            13/11          15/11          83/132         
[1,0,0,0,0,0,1,0,0,1,0,0,1,0,0]     62/33          68/33          4/11           38/33          4/3            43/66          
[1,0,0,0,0,0,1,0,0,2,0,0,0,0,0]     68/33          68/33          13/33          43/33          43/33          95/132         
[1,0,0,0,0,0,2,0,0,0,0,0,1,0,0]     68/33          68/33          13/33          43/33          43/33          95/132         
[1,0,0,0,0,0,2,0,0,1,0,0,0,0,0]     68/33          68/33          13/33          43/33          43/33          95/132         
[1,0,0,0,1,0,0,0,0,0,0,0,1,0,0]     62/33          68/33          1/3            13/11          15/11          83/132         
[1,0,0,0,1,0,0,0,0,1,0,0,0,0,0]     62/33          68/33          1/3            13/11          15/11          83/132         
[1,0,0,0,1,0,1,0,0,0,0,0,0,0,0]     62/33          68/33          1/3            13/11          15/11          83/132         
[1,0,0,1,0,0,0,0,0,0,0,0,0,0,0]     35/33          68/33          2/11           17/33          50/33          41/132         
[1,0,0,1,0,0,0,0,0,0,0,0,0,1,0]     62/33          68/33          1/3            13/11          15/11          83/132         
[1,0,0,1,0,0,0,0,0,0,0,0,2,0,0]     68/33          68/33          13/33          43/33          43/33          95/132         
[1,0,0,1,0,0,0,0,0,0,1,0,0,0,0]     62/33          68/33          1/3            13/11          15/11          83/132         
[1,0,0,1,0,0,0,0,0,1,0,0,1,0,0]     62/33          68/33          4/11           38/33          4/3            43/66          
[1,0,0,1,0,0,0,0,0,2,0,0,0,0,0]     68/33          68/33          13/33          43/33          43/33          95/132         
[1,0,0,1,0,0,0,1,0,0,0,0,0,0,0]     62/33          68/33          1/3            13/11          15/11          83/132         
[1,0,0,1,0,0,1,0,0,0,0,0,1,0,0]     62/33          68/33          4/11           38/33          4/3            43/66          
[1,0,0,1,0,0,1,0,0,1,0,0,0,0,0]     62/33          68/33          4/11           38/33          4/3            43/66          
[1,0,0,1,0,0,2,0,0,0,0,0,0,0,0]     68/33          68/33          13/33          43/33          43/33          95/132         
[1,0,0,2,0,0,0,0,0,0,0,0,1,0,0]     68/33          68/33          13/33          43/33          43/33          95/132         
[1,0,0,2,0,0,0,0,0,1,0,0,0,0,0]     68/33          68/33          13/33          43/33          43/33          95/132         
[1,0,0,2,0,0,1,0,0,0,0,0,0,0,0]     68/33          68/33          13/33          43/33          43/33          95/132         
[2,0,0,0,0,0,0,0,0,0,0,0,0,0,0]     35/33          68/33          7/33           16/33          49/33          1/3            
[2,0,0,0,0,0,0,0,0,0,0,0,2,0,0]     68/33          68/33          14/33          14/11          14/11          49/66          
[2,0,0,0,0,0,0,0,0,1,0,0,1,0,0]     68/33          68/33          13/33          43/33          43/33          95/132         
[2,0,0,0,0,0,0,0,0,2,0,0,0,0,0]     68/33          68/33          14/33          14/11          14/11          49/66          
[2,0,0,0,0,0,1,0,0,0,0,0,1,0,0]     68/33          68/33          13/33          43/33          43/33          95/132         
[2,0,0,0,0,0,1,0,0,1,0,0,0,0,0]     68/33          68/33          13/33          43/33          43/33          95/132         
[2,0,0,0,0,0,2,0,0,0,0,0,0,0,0]     68/33          68/33          14/33          14/11          14/11          49/66          
[2,0,0,1,0,0,0,0,0,0,0,0,1,0,0]     68/33          68/33          13/33          43/33          43/33          95/132         
[2,0,0,1,0,0,0,0,0,1,0,0,0,0,0]     68/33          68/33          13/33          43/33          43/33          95/132         
[2,0,0,1,0,0,1,0,0,0,0,0,0,0,0]     68/33          68/33          13/33          43/33          43/33          95/132         
[2,0,0,2,0,0,0,0,0,0,0,0,0,0,0]     68/33          68/33          14/33          14/11          14/11          49/66          
q(R)>E is potentially violated on: [[0,0,0,0,0,0,0,0,0,0,0,0,0,0,0], [0,0,0,0,0,0,0,0,0,0,0,0,2,0,0], [0,0,0,0,0,0,0,0,0,1,0,0,1,0,0], [0,0,0,0,0,0,0,0,0,2,0,0,0,0,0], [0,0,0,0,0,0,1,0,0,0,0,0,1,0,0], [0,0,0,0,0,0,1,0,0,1,0,0,0,0,0], [0,0,0,0,0,0,2,0,0,0,0,0,0,0,0], [0,0,0,1,0,0,0,0,0,0,0,0,1,0,0], [0,0,0,1,0,0,0,0,0,1,0,0,0,0,0], [0,0,0,1,0,0,1,0,0,0,0,0,0,0,0], [0,0,0,2,0,0,0,0,0,0,0,0,0,0,0], [1,0,0,0,0,0,0,0,0,0,0,0,1,0,0], [1,0,0,0,0,0,0,0,0,1,0,0,0,0,0], [1,0,0,0,0,0,1,0,0,0,0,0,0,0,0], [1,0,0,1,0,0,0,0,0,0,0,0,0,0,0], [2,0,0,0,0,0,0,0,0,0,0,0,0,0,0]]
Crude estimate: LL > 2E if CasG > 2/33*sqrt(399) + 85/66, approx. 2.4985
Scanning for 0 <= CasG <= C.
Fourier mode                        CasG           KT?            LL >=          LL >= 2E?      
0                                   0                             -5/33                         
1e_2                                1                             17/33                         
2e_1                                35/33                         35/66                         
1e_1+1e_3                           2                             49/33          >              
2e_2                                68/33                         97/66          >              
2e_1+1e_2                           70/33                         101/66         >              
4e_1                                74/33                         109/66         >              

Done!