====== Sym2LowerBounds (2023/01/26, 14:30) for G=B17, H=B2B2B2B2B2B2B2======

LiE isotropy representation:      1X[0,0,0,0,0,0,0,0,0,0,1,0,1,0] +1X[0,0,0,0,0,0,0,0,1,0,0,0,1,0] +
     1X[0,0,0,0,0,0,0,0,1,0,1,0,0,0] +1X[0,0,0,0,0,0,1,0,0,0,0,0,1,0] +
     1X[0,0,0,0,0,0,1,0,0,0,1,0,0,0] +1X[0,0,0,0,0,0,1,0,1,0,0,0,0,0] +
     1X[0,0,0,0,1,0,0,0,0,0,0,0,1,0] +1X[0,0,0,0,1,0,0,0,0,0,1,0,0,0] +
     1X[0,0,0,0,1,0,0,0,1,0,0,0,0,0] +1X[0,0,0,0,1,0,1,0,0,0,0,0,0,0] +
     1X[0,0,1,0,0,0,0,0,0,0,0,0,1,0] +1X[0,0,1,0,0,0,0,0,0,0,1,0,0,0] +
     1X[0,0,1,0,0,0,0,0,1,0,0,0,0,0] +1X[0,0,1,0,0,0,1,0,0,0,0,0,0,0] +
     1X[0,0,1,0,1,0,0,0,0,0,0,0,0,0] +1X[1,0,0,0,0,0,0,0,0,0,0,0,1,0] +
     1X[1,0,0,0,0,0,0,0,0,0,1,0,0,0] +1X[1,0,0,0,0,0,0,0,1,0,0,0,0,0] +
     1X[1,0,0,0,0,0,1,0,0,0,0,0,0,0] +1X[1,0,0,0,1,0,0,0,0,0,0,0,0,0] +
     1X[1,0,1,0,0,0,0,0,0,0,0,0,0,0]
Einstein constant: E=41/132
Isotype in Sym^2_0                CasGMin        CasGMax        CasH           A*AMin         A*AMax         q(R)Min        
[0,0,0,0,0,0,0,0,0,0,0,0,0,0]     35/33          68/33          0              9/11           20/11          9/44           
[0,0,0,0,0,0,0,0,0,0,0,0,2,0]     35/33          68/33          5/33           2/3            5/3            7/22           
[0,0,0,0,0,0,0,0,0,0,0,2,0,2]     62/33          68/33          2/11           16/11          18/11          6/11           
[0,0,0,0,0,0,0,0,0,0,1,0,1,0]     35/33          68/33          4/33           23/33          56/33          13/44          
[0,0,0,0,0,0,0,0,0,0,2,0,0,0]     35/33          68/33          5/33           2/3            5/3            7/22           
[0,0,0,0,0,0,0,0,0,0,2,0,2,0]     68/33          68/33          10/33          50/33          50/33          15/22          
[0,0,0,0,0,0,0,0,0,2,0,0,0,2]     62/33          68/33          2/11           16/11          18/11          6/11           
[0,0,0,0,0,0,0,0,0,2,0,2,0,0]     62/33          68/33          2/11           16/11          18/11          6/11           
[0,0,0,0,0,0,0,0,0,2,1,0,1,0]     62/33          68/33          7/33           47/33          53/33          25/44          
[0,0,0,0,0,0,0,0,1,0,0,0,1,0]     35/33          68/33          4/33           23/33          56/33          13/44          
[0,0,0,0,0,0,0,0,1,0,0,2,1,0]     62/33          68/33          7/33           47/33          53/33          25/44          
[0,0,0,0,0,0,0,0,1,0,1,0,0,0]     35/33          68/33          4/33           23/33          56/33          13/44          
[0,0,0,0,0,0,0,0,1,0,1,0,0,2]     62/33          68/33          7/33           47/33          53/33          25/44          
[0,0,0,0,0,0,0,0,1,0,1,0,2,0]     68/33          68/33          3/11           17/11          17/11          29/44          
[0,0,0,0,0,0,0,0,1,0,2,0,1,0]     68/33          68/33          3/11           17/11          17/11          29/44          
[0,0,0,0,0,0,0,0,2,0,0,0,0,0]     35/33          68/33          5/33           2/3            5/3            7/22           
[0,0,0,0,0,0,0,0,2,0,0,0,2,0]     68/33          68/33          10/33          50/33          50/33          15/22          
[0,0,0,0,0,0,0,0,2,0,1,0,1,0]     68/33          68/33          3/11           17/11          17/11          29/44          
[0,0,0,0,0,0,0,0,2,0,2,0,0,0]     68/33          68/33          10/33          50/33          50/33          15/22          
[0,0,0,0,0,0,0,2,0,0,0,0,0,2]     62/33          68/33          2/11           16/11          18/11          6/11           
[0,0,0,0,0,0,0,2,0,0,0,2,0,0]     62/33          68/33          2/11           16/11          18/11          6/11           
[0,0,0,0,0,0,0,2,0,0,1,0,1,0]     62/33          68/33          7/33           47/33          53/33          25/44          
[0,0,0,0,0,0,0,2,0,2,0,0,0,0]     62/33          68/33          2/11           16/11          18/11          6/11           
[0,0,0,0,0,0,0,2,1,0,0,0,1,0]     62/33          68/33          7/33           47/33          53/33          25/44          
[0,0,0,0,0,0,0,2,1,0,1,0,0,0]     62/33          68/33          7/33           47/33          53/33          25/44          
[0,0,0,0,0,0,1,0,0,0,0,0,1,0]     35/33          68/33          4/33           23/33          56/33          13/44          
[0,0,0,0,0,0,1,0,0,0,0,2,1,0]     62/33          68/33          7/33           47/33          53/33          25/44          
[0,0,0,0,0,0,1,0,0,0,1,0,0,0]     35/33          68/33          4/33           23/33          56/33          13/44          
[0,0,0,0,0,0,1,0,0,0,1,0,0,2]     62/33          68/33          7/33           47/33          53/33          25/44          
[0,0,0,0,0,0,1,0,0,0,1,0,2,0]     68/33          68/33          3/11           17/11          17/11          29/44          
[0,0,0,0,0,0,1,0,0,0,2,0,1,0]     68/33          68/33          3/11           17/11          17/11          29/44          
[0,0,0,0,0,0,1,0,0,2,0,0,1,0]     62/33          68/33          7/33           47/33          53/33          25/44          
[0,0,0,0,0,0,1,0,0,2,1,0,0,0]     62/33          68/33          7/33           47/33          53/33          25/44          
[0,0,0,0,0,0,1,0,1,0,0,0,0,0]     35/33          68/33          4/33           23/33          56/33          13/44          
[0,0,0,0,0,0,1,0,1,0,0,0,0,2]     62/33          68/33          7/33           47/33          53/33          25/44          
[0,0,0,0,0,0,1,0,1,0,0,0,2,0]     68/33          68/33          3/11           17/11          17/11          29/44          
[0,0,0,0,0,0,1,0,1,0,0,2,0,0]     62/33          68/33          7/33           47/33          53/33          25/44          
[0,0,0,0,0,0,1,0,1,0,1,0,1,0]     62/33          68/33          8/33           46/33          52/33          13/22          
[0,0,0,0,0,0,1,0,1,0,2,0,0,0]     68/33          68/33          3/11           17/11          17/11          29/44          
[0,0,0,0,0,0,1,0,2,0,0,0,1,0]     68/33          68/33          3/11           17/11          17/11          29/44          
[0,0,0,0,0,0,1,0,2,0,1,0,0,0]     68/33          68/33          3/11           17/11          17/11          29/44          
[0,0,0,0,0,0,2,0,0,0,0,0,0,0]     35/33          68/33          5/33           2/3            5/3            7/22           
[0,0,0,0,0,0,2,0,0,0,0,0,2,0]     68/33          68/33          10/33          50/33          50/33          15/22          
[0,0,0,0,0,0,2,0,0,0,1,0,1,0]     68/33          68/33          3/11           17/11          17/11          29/44          
[0,0,0,0,0,0,2,0,0,0,2,0,0,0]     68/33          68/33          10/33          50/33          50/33          15/22          
[0,0,0,0,0,0,2,0,1,0,0,0,1,0]     68/33          68/33          3/11           17/11          17/11          29/44          
[0,0,0,0,0,0,2,0,1,0,1,0,0,0]     68/33          68/33          3/11           17/11          17/11          29/44          
[0,0,0,0,0,0,2,0,2,0,0,0,0,0]     68/33          68/33          10/33          50/33          50/33          15/22          
[0,0,0,0,0,2,0,0,0,0,0,0,0,2]     62/33          68/33          2/11           16/11          18/11          6/11           
[0,0,0,0,0,2,0,0,0,0,0,2,0,0]     62/33          68/33          2/11           16/11          18/11          6/11           
[0,0,0,0,0,2,0,0,0,0,1,0,1,0]     62/33          68/33          7/33           47/33          53/33          25/44          
[0,0,0,0,0,2,0,0,0,2,0,0,0,0]     62/33          68/33          2/11           16/11          18/11          6/11           
[0,0,0,0,0,2,0,0,1,0,0,0,1,0]     62/33          68/33          7/33           47/33          53/33          25/44          
[0,0,0,0,0,2,0,0,1,0,1,0,0,0]     62/33          68/33          7/33           47/33          53/33          25/44          
[0,0,0,0,0,2,0,2,0,0,0,0,0,0]     62/33          68/33          2/11           16/11          18/11          6/11           
[0,0,0,0,0,2,1,0,0,0,0,0,1,0]     62/33          68/33          7/33           47/33          53/33          25/44          
[0,0,0,0,0,2,1,0,0,0,1,0,0,0]     62/33          68/33          7/33           47/33          53/33          25/44          
[0,0,0,0,0,2,1,0,1,0,0,0,0,0]     62/33          68/33          7/33           47/33          53/33          25/44          
[0,0,0,0,1,0,0,0,0,0,0,0,1,0]     35/33          68/33          4/33           23/33          56/33          13/44          
[0,0,0,0,1,0,0,0,0,0,0,2,1,0]     62/33          68/33          7/33           47/33          53/33          25/44          
[0,0,0,0,1,0,0,0,0,0,1,0,0,0]     35/33          68/33          4/33           23/33          56/33          13/44          
[0,0,0,0,1,0,0,0,0,0,1,0,0,2]     62/33          68/33          7/33           47/33          53/33          25/44          
[0,0,0,0,1,0,0,0,0,0,1,0,2,0]     68/33          68/33          3/11           17/11          17/11          29/44          
[0,0,0,0,1,0,0,0,0,0,2,0,1,0]     68/33          68/33          3/11           17/11          17/11          29/44          
[0,0,0,0,1,0,0,0,0,2,0,0,1,0]     62/33          68/33          7/33           47/33          53/33          25/44          
[0,0,0,0,1,0,0,0,0,2,1,0,0,0]     62/33          68/33          7/33           47/33          53/33          25/44          
[0,0,0,0,1,0,0,0,1,0,0,0,0,0]     35/33          68/33          4/33           23/33          56/33          13/44          
[0,0,0,0,1,0,0,0,1,0,0,0,0,2]     62/33          68/33          7/33           47/33          53/33          25/44          
[0,0,0,0,1,0,0,0,1,0,0,0,2,0]     68/33          68/33          3/11           17/11          17/11          29/44          
[0,0,0,0,1,0,0,0,1,0,0,2,0,0]     62/33          68/33          7/33           47/33          53/33          25/44          
[0,0,0,0,1,0,0,0,1,0,1,0,1,0]     62/33          68/33          8/33           46/33          52/33          13/22          
[0,0,0,0,1,0,0,0,1,0,2,0,0,0]     68/33          68/33          3/11           17/11          17/11          29/44          
[0,0,0,0,1,0,0,0,2,0,0,0,1,0]     68/33          68/33          3/11           17/11          17/11          29/44          
[0,0,0,0,1,0,0,0,2,0,1,0,0,0]     68/33          68/33          3/11           17/11          17/11          29/44          
[0,0,0,0,1,0,0,2,0,0,0,0,1,0]     62/33          68/33          7/33           47/33          53/33          25/44          
[0,0,0,0,1,0,0,2,0,0,1,0,0,0]     62/33          68/33          7/33           47/33          53/33          25/44          
[0,0,0,0,1,0,0,2,1,0,0,0,0,0]     62/33          68/33          7/33           47/33          53/33          25/44          
[0,0,0,0,1,0,1,0,0,0,0,0,0,0]     35/33          68/33          4/33           23/33          56/33          13/44          
[0,0,0,0,1,0,1,0,0,0,0,0,0,2]     62/33          68/33          7/33           47/33          53/33          25/44          
[0,0,0,0,1,0,1,0,0,0,0,0,2,0]     68/33          68/33          3/11           17/11          17/11          29/44          
[0,0,0,0,1,0,1,0,0,0,0,2,0,0]     62/33          68/33          7/33           47/33          53/33          25/44          
[0,0,0,0,1,0,1,0,0,0,1,0,1,0]     62/33          68/33          8/33           46/33          52/33          13/22          
[0,0,0,0,1,0,1,0,0,0,2,0,0,0]     68/33          68/33          3/11           17/11          17/11          29/44          
[0,0,0,0,1,0,1,0,0,2,0,0,0,0]     62/33          68/33          7/33           47/33          53/33          25/44          
[0,0,0,0,1,0,1,0,1,0,0,0,1,0]     62/33          68/33          8/33           46/33          52/33          13/22          
[0,0,0,0,1,0,1,0,1,0,1,0,0,0]     62/33          68/33          8/33           46/33          52/33          13/22          
[0,0,0,0,1,0,1,0,2,0,0,0,0,0]     68/33          68/33          3/11           17/11          17/11          29/44          
[0,0,0,0,1,0,2,0,0,0,0,0,1,0]     68/33          68/33          3/11           17/11          17/11          29/44          
[0,0,0,0,1,0,2,0,0,0,1,0,0,0]     68/33          68/33          3/11           17/11          17/11          29/44          
[0,0,0,0,1,0,2,0,1,0,0,0,0,0]     68/33          68/33          3/11           17/11          17/11          29/44          
[0,0,0,0,2,0,0,0,0,0,0,0,0,0]     35/33          68/33          5/33           2/3            5/3            7/22           
[0,0,0,0,2,0,0,0,0,0,0,0,2,0]     68/33          68/33          10/33          50/33          50/33          15/22          
[0,0,0,0,2,0,0,0,0,0,1,0,1,0]     68/33          68/33          3/11           17/11          17/11          29/44          
[0,0,0,0,2,0,0,0,0,0,2,0,0,0]     68/33          68/33          10/33          50/33          50/33          15/22          
[0,0,0,0,2,0,0,0,1,0,0,0,1,0]     68/33          68/33          3/11           17/11          17/11          29/44          
[0,0,0,0,2,0,0,0,1,0,1,0,0,0]     68/33          68/33          3/11           17/11          17/11          29/44          
[0,0,0,0,2,0,0,0,2,0,0,0,0,0]     68/33          68/33          10/33          50/33          50/33          15/22          
[0,0,0,0,2,0,1,0,0,0,0,0,1,0]     68/33          68/33          3/11           17/11          17/11          29/44          
[0,0,0,0,2,0,1,0,0,0,1,0,0,0]     68/33          68/33          3/11           17/11          17/11          29/44          
[0,0,0,0,2,0,1,0,1,0,0,0,0,0]     68/33          68/33          3/11           17/11          17/11          29/44          
[0,0,0,0,2,0,2,0,0,0,0,0,0,0]     68/33          68/33          10/33          50/33          50/33          15/22          
[0,0,0,2,0,0,0,0,0,0,0,0,0,2]     62/33          68/33          2/11           16/11          18/11          6/11           
[0,0,0,2,0,0,0,0,0,0,0,2,0,0]     62/33          68/33          2/11           16/11          18/11          6/11           
[0,0,0,2,0,0,0,0,0,0,1,0,1,0]     62/33          68/33          7/33           47/33          53/33          25/44          
[0,0,0,2,0,0,0,0,0,2,0,0,0,0]     62/33          68/33          2/11           16/11          18/11          6/11           
[0,0,0,2,0,0,0,0,1,0,0,0,1,0]     62/33          68/33          7/33           47/33          53/33          25/44          
[0,0,0,2,0,0,0,0,1,0,1,0,0,0]     62/33          68/33          7/33           47/33          53/33          25/44          
[0,0,0,2,0,0,0,2,0,0,0,0,0,0]     62/33          68/33          2/11           16/11          18/11          6/11           
[0,0,0,2,0,0,1,0,0,0,0,0,1,0]     62/33          68/33          7/33           47/33          53/33          25/44          
[0,0,0,2,0,0,1,0,0,0,1,0,0,0]     62/33          68/33          7/33           47/33          53/33          25/44          
[0,0,0,2,0,0,1,0,1,0,0,0,0,0]     62/33          68/33          7/33           47/33          53/33          25/44          
[0,0,0,2,0,2,0,0,0,0,0,0,0,0]     62/33          68/33          2/11           16/11          18/11          6/11           
[0,0,0,2,1,0,0,0,0,0,0,0,1,0]     62/33          68/33          7/33           47/33          53/33          25/44          
[0,0,0,2,1,0,0,0,0,0,1,0,0,0]     62/33          68/33          7/33           47/33          53/33          25/44          
[0,0,0,2,1,0,0,0,1,0,0,0,0,0]     62/33          68/33          7/33           47/33          53/33          25/44          
[0,0,0,2,1,0,1,0,0,0,0,0,0,0]     62/33          68/33          7/33           47/33          53/33          25/44          
[0,0,1,0,0,0,0,0,0,0,0,0,1,0]     35/33          68/33          4/33           23/33          56/33          13/44          
[0,0,1,0,0,0,0,0,0,0,0,2,1,0]     62/33          68/33          7/33           47/33          53/33          25/44          
[0,0,1,0,0,0,0,0,0,0,1,0,0,0]     35/33          68/33          4/33           23/33          56/33          13/44          
[0,0,1,0,0,0,0,0,0,0,1,0,0,2]     62/33          68/33          7/33           47/33          53/33          25/44          
[0,0,1,0,0,0,0,0,0,0,1,0,2,0]     68/33          68/33          3/11           17/11          17/11          29/44          
[0,0,1,0,0,0,0,0,0,0,2,0,1,0]     68/33          68/33          3/11           17/11          17/11          29/44          
[0,0,1,0,0,0,0,0,0,2,0,0,1,0]     62/33          68/33          7/33           47/33          53/33          25/44          
[0,0,1,0,0,0,0,0,0,2,1,0,0,0]     62/33          68/33          7/33           47/33          53/33          25/44          
[0,0,1,0,0,0,0,0,1,0,0,0,0,0]     35/33          68/33          4/33           23/33          56/33          13/44          
[0,0,1,0,0,0,0,0,1,0,0,0,0,2]     62/33          68/33          7/33           47/33          53/33          25/44          
[0,0,1,0,0,0,0,0,1,0,0,0,2,0]     68/33          68/33          3/11           17/11          17/11          29/44          
[0,0,1,0,0,0,0,0,1,0,0,2,0,0]     62/33          68/33          7/33           47/33          53/33          25/44          
[0,0,1,0,0,0,0,0,1,0,1,0,1,0]     62/33          68/33          8/33           46/33          52/33          13/22          
[0,0,1,0,0,0,0,0,1,0,2,0,0,0]     68/33          68/33          3/11           17/11          17/11          29/44          
[0,0,1,0,0,0,0,0,2,0,0,0,1,0]     68/33          68/33          3/11           17/11          17/11          29/44          
[0,0,1,0,0,0,0,0,2,0,1,0,0,0]     68/33          68/33          3/11           17/11          17/11          29/44          
[0,0,1,0,0,0,0,2,0,0,0,0,1,0]     62/33          68/33          7/33           47/33          53/33          25/44          
[0,0,1,0,0,0,0,2,0,0,1,0,0,0]     62/33          68/33          7/33           47/33          53/33          25/44          
[0,0,1,0,0,0,0,2,1,0,0,0,0,0]     62/33          68/33          7/33           47/33          53/33          25/44          
[0,0,1,0,0,0,1,0,0,0,0,0,0,0]     35/33          68/33          4/33           23/33          56/33          13/44          
[0,0,1,0,0,0,1,0,0,0,0,0,0,2]     62/33          68/33          7/33           47/33          53/33          25/44          
[0,0,1,0,0,0,1,0,0,0,0,0,2,0]     68/33          68/33          3/11           17/11          17/11          29/44          
[0,0,1,0,0,0,1,0,0,0,0,2,0,0]     62/33          68/33          7/33           47/33          53/33          25/44          
[0,0,1,0,0,0,1,0,0,0,1,0,1,0]     62/33          68/33          8/33           46/33          52/33          13/22          
[0,0,1,0,0,0,1,0,0,0,2,0,0,0]     68/33          68/33          3/11           17/11          17/11          29/44          
[0,0,1,0,0,0,1,0,0,2,0,0,0,0]     62/33          68/33          7/33           47/33          53/33          25/44          
[0,0,1,0,0,0,1,0,1,0,0,0,1,0]     62/33          68/33          8/33           46/33          52/33          13/22          
[0,0,1,0,0,0,1,0,1,0,1,0,0,0]     62/33          68/33          8/33           46/33          52/33          13/22          
[0,0,1,0,0,0,1,0,2,0,0,0,0,0]     68/33          68/33          3/11           17/11          17/11          29/44          
[0,0,1,0,0,0,2,0,0,0,0,0,1,0]     68/33          68/33          3/11           17/11          17/11          29/44          
[0,0,1,0,0,0,2,0,0,0,1,0,0,0]     68/33          68/33          3/11           17/11          17/11          29/44          
[0,0,1,0,0,0,2,0,1,0,0,0,0,0]     68/33          68/33          3/11           17/11          17/11          29/44          
[0,0,1,0,0,2,0,0,0,0,0,0,1,0]     62/33          68/33          7/33           47/33          53/33          25/44          
[0,0,1,0,0,2,0,0,0,0,1,0,0,0]     62/33          68/33          7/33           47/33          53/33          25/44          
[0,0,1,0,0,2,0,0,1,0,0,0,0,0]     62/33          68/33          7/33           47/33          53/33          25/44          
[0,0,1,0,0,2,1,0,0,0,0,0,0,0]     62/33          68/33          7/33           47/33          53/33          25/44          
[0,0,1,0,1,0,0,0,0,0,0,0,0,0]     35/33          68/33          4/33           23/33          56/33          13/44          
[0,0,1,0,1,0,0,0,0,0,0,0,0,2]     62/33          68/33          7/33           47/33          53/33          25/44          
[0,0,1,0,1,0,0,0,0,0,0,0,2,0]     68/33          68/33          3/11           17/11          17/11          29/44          
[0,0,1,0,1,0,0,0,0,0,0,2,0,0]     62/33          68/33          7/33           47/33          53/33          25/44          
[0,0,1,0,1,0,0,0,0,0,1,0,1,0]     62/33          68/33          8/33           46/33          52/33          13/22          
[0,0,1,0,1,0,0,0,0,0,2,0,0,0]     68/33          68/33          3/11           17/11          17/11          29/44          
[0,0,1,0,1,0,0,0,0,2,0,0,0,0]     62/33          68/33          7/33           47/33          53/33          25/44          
[0,0,1,0,1,0,0,0,1,0,0,0,1,0]     62/33          68/33          8/33           46/33          52/33          13/22          
[0,0,1,0,1,0,0,0,1,0,1,0,0,0]     62/33          68/33          8/33           46/33          52/33          13/22          
[0,0,1,0,1,0,0,0,2,0,0,0,0,0]     68/33          68/33          3/11           17/11          17/11          29/44          
[0,0,1,0,1,0,0,2,0,0,0,0,0,0]     62/33          68/33          7/33           47/33          53/33          25/44          
[0,0,1,0,1,0,1,0,0,0,0,0,1,0]     62/33          68/33          8/33           46/33          52/33          13/22          
[0,0,1,0,1,0,1,0,0,0,1,0,0,0]     62/33          68/33          8/33           46/33          52/33          13/22          
[0,0,1,0,1,0,1,0,1,0,0,0,0,0]     62/33          68/33          8/33           46/33          52/33          13/22          
[0,0,1,0,1,0,2,0,0,0,0,0,0,0]     68/33          68/33          3/11           17/11          17/11          29/44          
[0,0,1,0,2,0,0,0,0,0,0,0,1,0]     68/33          68/33          3/11           17/11          17/11          29/44          
[0,0,1,0,2,0,0,0,0,0,1,0,0,0]     68/33          68/33          3/11           17/11          17/11          29/44          
[0,0,1,0,2,0,0,0,1,0,0,0,0,0]     68/33          68/33          3/11           17/11          17/11          29/44          
[0,0,1,0,2,0,1,0,0,0,0,0,0,0]     68/33          68/33          3/11           17/11          17/11          29/44          
[0,0,2,0,0,0,0,0,0,0,0,0,0,0]     35/33          68/33          5/33           2/3            5/3            7/22           
[0,0,2,0,0,0,0,0,0,0,0,0,2,0]     68/33          68/33          10/33          50/33          50/33          15/22          
[0,0,2,0,0,0,0,0,0,0,1,0,1,0]     68/33          68/33          3/11           17/11          17/11          29/44          
[0,0,2,0,0,0,0,0,0,0,2,0,0,0]     68/33          68/33          10/33          50/33          50/33          15/22          
[0,0,2,0,0,0,0,0,1,0,0,0,1,0]     68/33          68/33          3/11           17/11          17/11          29/44          
[0,0,2,0,0,0,0,0,1,0,1,0,0,0]     68/33          68/33          3/11           17/11          17/11          29/44          
[0,0,2,0,0,0,0,0,2,0,0,0,0,0]     68/33          68/33          10/33          50/33          50/33          15/22          
[0,0,2,0,0,0,1,0,0,0,0,0,1,0]     68/33          68/33          3/11           17/11          17/11          29/44          
[0,0,2,0,0,0,1,0,0,0,1,0,0,0]     68/33          68/33          3/11           17/11          17/11          29/44          
[0,0,2,0,0,0,1,0,1,0,0,0,0,0]     68/33          68/33          3/11           17/11          17/11          29/44          
[0,0,2,0,0,0,2,0,0,0,0,0,0,0]     68/33          68/33          10/33          50/33          50/33          15/22          
[0,0,2,0,1,0,0,0,0,0,0,0,1,0]     68/33          68/33          3/11           17/11          17/11          29/44          
[0,0,2,0,1,0,0,0,0,0,1,0,0,0]     68/33          68/33          3/11           17/11          17/11          29/44          
[0,0,2,0,1,0,0,0,1,0,0,0,0,0]     68/33          68/33          3/11           17/11          17/11          29/44          
[0,0,2,0,1,0,1,0,0,0,0,0,0,0]     68/33          68/33          3/11           17/11          17/11          29/44          
[0,0,2,0,2,0,0,0,0,0,0,0,0,0]     68/33          68/33          10/33          50/33          50/33          15/22          
[0,2,0,0,0,0,0,0,0,0,0,0,0,2]     62/33          68/33          2/11           16/11          18/11          6/11           
[0,2,0,0,0,0,0,0,0,0,0,2,0,0]     62/33          68/33          2/11           16/11          18/11          6/11           
[0,2,0,0,0,0,0,0,0,0,1,0,1,0]     62/33          68/33          7/33           47/33          53/33          25/44          
[0,2,0,0,0,0,0,0,0,2,0,0,0,0]     62/33          68/33          2/11           16/11          18/11          6/11           
[0,2,0,0,0,0,0,0,1,0,0,0,1,0]     62/33          68/33          7/33           47/33          53/33          25/44          
[0,2,0,0,0,0,0,0,1,0,1,0,0,0]     62/33          68/33          7/33           47/33          53/33          25/44          
[0,2,0,0,0,0,0,2,0,0,0,0,0,0]     62/33          68/33          2/11           16/11          18/11          6/11           
[0,2,0,0,0,0,1,0,0,0,0,0,1,0]     62/33          68/33          7/33           47/33          53/33          25/44          
[0,2,0,0,0,0,1,0,0,0,1,0,0,0]     62/33          68/33          7/33           47/33          53/33          25/44          
[0,2,0,0,0,0,1,0,1,0,0,0,0,0]     62/33          68/33          7/33           47/33          53/33          25/44          
[0,2,0,0,0,2,0,0,0,0,0,0,0,0]     62/33          68/33          2/11           16/11          18/11          6/11           
[0,2,0,0,1,0,0,0,0,0,0,0,1,0]     62/33          68/33          7/33           47/33          53/33          25/44          
[0,2,0,0,1,0,0,0,0,0,1,0,0,0]     62/33          68/33          7/33           47/33          53/33          25/44          
[0,2,0,0,1,0,0,0,1,0,0,0,0,0]     62/33          68/33          7/33           47/33          53/33          25/44          
[0,2,0,0,1,0,1,0,0,0,0,0,0,0]     62/33          68/33          7/33           47/33          53/33          25/44          
[0,2,0,2,0,0,0,0,0,0,0,0,0,0]     62/33          68/33          2/11           16/11          18/11          6/11           
[0,2,1,0,0,0,0,0,0,0,0,0,1,0]     62/33          68/33          7/33           47/33          53/33          25/44          
[0,2,1,0,0,0,0,0,0,0,1,0,0,0]     62/33          68/33          7/33           47/33          53/33          25/44          
[0,2,1,0,0,0,0,0,1,0,0,0,0,0]     62/33          68/33          7/33           47/33          53/33          25/44          
[0,2,1,0,0,0,1,0,0,0,0,0,0,0]     62/33          68/33          7/33           47/33          53/33          25/44          
[0,2,1,0,1,0,0,0,0,0,0,0,0,0]     62/33          68/33          7/33           47/33          53/33          25/44          
[1,0,0,0,0,0,0,0,0,0,0,0,1,0]     35/33          68/33          4/33           23/33          56/33          13/44          
[1,0,0,0,0,0,0,0,0,0,0,2,1,0]     62/33          68/33          7/33           47/33          53/33          25/44          
[1,0,0,0,0,0,0,0,0,0,1,0,0,0]     35/33          68/33          4/33           23/33          56/33          13/44          
[1,0,0,0,0,0,0,0,0,0,1,0,0,2]     62/33          68/33          7/33           47/33          53/33          25/44          
[1,0,0,0,0,0,0,0,0,0,1,0,2,0]     68/33          68/33          3/11           17/11          17/11          29/44          
[1,0,0,0,0,0,0,0,0,0,2,0,1,0]     68/33          68/33          3/11           17/11          17/11          29/44          
[1,0,0,0,0,0,0,0,0,2,0,0,1,0]     62/33          68/33          7/33           47/33          53/33          25/44          
[1,0,0,0,0,0,0,0,0,2,1,0,0,0]     62/33          68/33          7/33           47/33          53/33          25/44          
[1,0,0,0,0,0,0,0,1,0,0,0,0,0]     35/33          68/33          4/33           23/33          56/33          13/44          
[1,0,0,0,0,0,0,0,1,0,0,0,0,2]     62/33          68/33          7/33           47/33          53/33          25/44          
[1,0,0,0,0,0,0,0,1,0,0,0,2,0]     68/33          68/33          3/11           17/11          17/11          29/44          
[1,0,0,0,0,0,0,0,1,0,0,2,0,0]     62/33          68/33          7/33           47/33          53/33          25/44          
[1,0,0,0,0,0,0,0,1,0,1,0,1,0]     62/33          68/33          8/33           46/33          52/33          13/22          
[1,0,0,0,0,0,0,0,1,0,2,0,0,0]     68/33          68/33          3/11           17/11          17/11          29/44          
[1,0,0,0,0,0,0,0,2,0,0,0,1,0]     68/33          68/33          3/11           17/11          17/11          29/44          
[1,0,0,0,0,0,0,0,2,0,1,0,0,0]     68/33          68/33          3/11           17/11          17/11          29/44          
[1,0,0,0,0,0,0,2,0,0,0,0,1,0]     62/33          68/33          7/33           47/33          53/33          25/44          
[1,0,0,0,0,0,0,2,0,0,1,0,0,0]     62/33          68/33          7/33           47/33          53/33          25/44          
[1,0,0,0,0,0,0,2,1,0,0,0,0,0]     62/33          68/33          7/33           47/33          53/33          25/44          
[1,0,0,0,0,0,1,0,0,0,0,0,0,0]     35/33          68/33          4/33           23/33          56/33          13/44          
[1,0,0,0,0,0,1,0,0,0,0,0,0,2]     62/33          68/33          7/33           47/33          53/33          25/44          
[1,0,0,0,0,0,1,0,0,0,0,0,2,0]     68/33          68/33          3/11           17/11          17/11          29/44          
[1,0,0,0,0,0,1,0,0,0,0,2,0,0]     62/33          68/33          7/33           47/33          53/33          25/44          
[1,0,0,0,0,0,1,0,0,0,1,0,1,0]     62/33          68/33          8/33           46/33          52/33          13/22          
[1,0,0,0,0,0,1,0,0,0,2,0,0,0]     68/33          68/33          3/11           17/11          17/11          29/44          
[1,0,0,0,0,0,1,0,0,2,0,0,0,0]     62/33          68/33          7/33           47/33          53/33          25/44          
[1,0,0,0,0,0,1,0,1,0,0,0,1,0]     62/33          68/33          8/33           46/33          52/33          13/22          
[1,0,0,0,0,0,1,0,1,0,1,0,0,0]     62/33          68/33          8/33           46/33          52/33          13/22          
[1,0,0,0,0,0,1,0,2,0,0,0,0,0]     68/33          68/33          3/11           17/11          17/11          29/44          
[1,0,0,0,0,0,2,0,0,0,0,0,1,0]     68/33          68/33          3/11           17/11          17/11          29/44          
[1,0,0,0,0,0,2,0,0,0,1,0,0,0]     68/33          68/33          3/11           17/11          17/11          29/44          
[1,0,0,0,0,0,2,0,1,0,0,0,0,0]     68/33          68/33          3/11           17/11          17/11          29/44          
[1,0,0,0,0,2,0,0,0,0,0,0,1,0]     62/33          68/33          7/33           47/33          53/33          25/44          
[1,0,0,0,0,2,0,0,0,0,1,0,0,0]     62/33          68/33          7/33           47/33          53/33          25/44          
[1,0,0,0,0,2,0,0,1,0,0,0,0,0]     62/33          68/33          7/33           47/33          53/33          25/44          
[1,0,0,0,0,2,1,0,0,0,0,0,0,0]     62/33          68/33          7/33           47/33          53/33          25/44          
[1,0,0,0,1,0,0,0,0,0,0,0,0,0]     35/33          68/33          4/33           23/33          56/33          13/44          
[1,0,0,0,1,0,0,0,0,0,0,0,0,2]     62/33          68/33          7/33           47/33          53/33          25/44          
[1,0,0,0,1,0,0,0,0,0,0,0,2,0]     68/33          68/33          3/11           17/11          17/11          29/44          
[1,0,0,0,1,0,0,0,0,0,0,2,0,0]     62/33          68/33          7/33           47/33          53/33          25/44          
[1,0,0,0,1,0,0,0,0,0,1,0,1,0]     62/33          68/33          8/33           46/33          52/33          13/22          
[1,0,0,0,1,0,0,0,0,0,2,0,0,0]     68/33          68/33          3/11           17/11          17/11          29/44          
[1,0,0,0,1,0,0,0,0,2,0,0,0,0]     62/33          68/33          7/33           47/33          53/33          25/44          
[1,0,0,0,1,0,0,0,1,0,0,0,1,0]     62/33          68/33          8/33           46/33          52/33          13/22          
[1,0,0,0,1,0,0,0,1,0,1,0,0,0]     62/33          68/33          8/33           46/33          52/33          13/22          
[1,0,0,0,1,0,0,0,2,0,0,0,0,0]     68/33          68/33          3/11           17/11          17/11          29/44          
[1,0,0,0,1,0,0,2,0,0,0,0,0,0]     62/33          68/33          7/33           47/33          53/33          25/44          
[1,0,0,0,1,0,1,0,0,0,0,0,1,0]     62/33          68/33          8/33           46/33          52/33          13/22          
[1,0,0,0,1,0,1,0,0,0,1,0,0,0]     62/33          68/33          8/33           46/33          52/33          13/22          
[1,0,0,0,1,0,1,0,1,0,0,0,0,0]     62/33          68/33          8/33           46/33          52/33          13/22          
[1,0,0,0,1,0,2,0,0,0,0,0,0,0]     68/33          68/33          3/11           17/11          17/11          29/44          
[1,0,0,0,2,0,0,0,0,0,0,0,1,0]     68/33          68/33          3/11           17/11          17/11          29/44          
[1,0,0,0,2,0,0,0,0,0,1,0,0,0]     68/33          68/33          3/11           17/11          17/11          29/44          
[1,0,0,0,2,0,0,0,1,0,0,0,0,0]     68/33          68/33          3/11           17/11          17/11          29/44          
[1,0,0,0,2,0,1,0,0,0,0,0,0,0]     68/33          68/33          3/11           17/11          17/11          29/44          
[1,0,0,2,0,0,0,0,0,0,0,0,1,0]     62/33          68/33          7/33           47/33          53/33          25/44          
[1,0,0,2,0,0,0,0,0,0,1,0,0,0]     62/33          68/33          7/33           47/33          53/33          25/44          
[1,0,0,2,0,0,0,0,1,0,0,0,0,0]     62/33          68/33          7/33           47/33          53/33          25/44          
[1,0,0,2,0,0,1,0,0,0,0,0,0,0]     62/33          68/33          7/33           47/33          53/33          25/44          
[1,0,0,2,1,0,0,0,0,0,0,0,0,0]     62/33          68/33          7/33           47/33          53/33          25/44          
[1,0,1,0,0,0,0,0,0,0,0,0,0,0]     35/33          68/33          4/33           23/33          56/33          13/44          
[1,0,1,0,0,0,0,0,0,0,0,0,0,2]     62/33          68/33          7/33           47/33          53/33          25/44          
[1,0,1,0,0,0,0,0,0,0,0,0,2,0]     68/33          68/33          3/11           17/11          17/11          29/44          
[1,0,1,0,0,0,0,0,0,0,0,2,0,0]     62/33          68/33          7/33           47/33          53/33          25/44          
[1,0,1,0,0,0,0,0,0,0,1,0,1,0]     62/33          68/33          8/33           46/33          52/33          13/22          
[1,0,1,0,0,0,0,0,0,0,2,0,0,0]     68/33          68/33          3/11           17/11          17/11          29/44          
[1,0,1,0,0,0,0,0,0,2,0,0,0,0]     62/33          68/33          7/33           47/33          53/33          25/44          
[1,0,1,0,0,0,0,0,1,0,0,0,1,0]     62/33          68/33          8/33           46/33          52/33          13/22          
[1,0,1,0,0,0,0,0,1,0,1,0,0,0]     62/33          68/33          8/33           46/33          52/33          13/22          
[1,0,1,0,0,0,0,0,2,0,0,0,0,0]     68/33          68/33          3/11           17/11          17/11          29/44          
[1,0,1,0,0,0,0,2,0,0,0,0,0,0]     62/33          68/33          7/33           47/33          53/33          25/44          
[1,0,1,0,0,0,1,0,0,0,0,0,1,0]     62/33          68/33          8/33           46/33          52/33          13/22          
[1,0,1,0,0,0,1,0,0,0,1,0,0,0]     62/33          68/33          8/33           46/33          52/33          13/22          
[1,0,1,0,0,0,1,0,1,0,0,0,0,0]     62/33          68/33          8/33           46/33          52/33          13/22          
[1,0,1,0,0,0,2,0,0,0,0,0,0,0]     68/33          68/33          3/11           17/11          17/11          29/44          
[1,0,1,0,0,2,0,0,0,0,0,0,0,0]     62/33          68/33          7/33           47/33          53/33          25/44          
[1,0,1,0,1,0,0,0,0,0,0,0,1,0]     62/33          68/33          8/33           46/33          52/33          13/22          
[1,0,1,0,1,0,0,0,0,0,1,0,0,0]     62/33          68/33          8/33           46/33          52/33          13/22          
[1,0,1,0,1,0,0,0,1,0,0,0,0,0]     62/33          68/33          8/33           46/33          52/33          13/22          
[1,0,1,0,1,0,1,0,0,0,0,0,0,0]     62/33          68/33          8/33           46/33          52/33          13/22          
[1,0,1,0,2,0,0,0,0,0,0,0,0,0]     68/33          68/33          3/11           17/11          17/11          29/44          
[1,0,2,0,0,0,0,0,0,0,0,0,1,0]     68/33          68/33          3/11           17/11          17/11          29/44          
[1,0,2,0,0,0,0,0,0,0,1,0,0,0]     68/33          68/33          3/11           17/11          17/11          29/44          
[1,0,2,0,0,0,0,0,1,0,0,0,0,0]     68/33          68/33          3/11           17/11          17/11          29/44          
[1,0,2,0,0,0,1,0,0,0,0,0,0,0]     68/33          68/33          3/11           17/11          17/11          29/44          
[1,0,2,0,1,0,0,0,0,0,0,0,0,0]     68/33          68/33          3/11           17/11          17/11          29/44          
[2,0,0,0,0,0,0,0,0,0,0,0,0,0]     35/33          68/33          5/33           2/3            5/3            7/22           
[2,0,0,0,0,0,0,0,0,0,0,0,2,0]     68/33          68/33          10/33          50/33          50/33          15/22          
[2,0,0,0,0,0,0,0,0,0,1,0,1,0]     68/33          68/33          3/11           17/11          17/11          29/44          
[2,0,0,0,0,0,0,0,0,0,2,0,0,0]     68/33          68/33          10/33          50/33          50/33          15/22          
[2,0,0,0,0,0,0,0,1,0,0,0,1,0]     68/33          68/33          3/11           17/11          17/11          29/44          
[2,0,0,0,0,0,0,0,1,0,1,0,0,0]     68/33          68/33          3/11           17/11          17/11          29/44          
[2,0,0,0,0,0,0,0,2,0,0,0,0,0]     68/33          68/33          10/33          50/33          50/33          15/22          
[2,0,0,0,0,0,1,0,0,0,0,0,1,0]     68/33          68/33          3/11           17/11          17/11          29/44          
[2,0,0,0,0,0,1,0,0,0,1,0,0,0]     68/33          68/33          3/11           17/11          17/11          29/44          
[2,0,0,0,0,0,1,0,1,0,0,0,0,0]     68/33          68/33          3/11           17/11          17/11          29/44          
[2,0,0,0,0,0,2,0,0,0,0,0,0,0]     68/33          68/33          10/33          50/33          50/33          15/22          
[2,0,0,0,1,0,0,0,0,0,0,0,1,0]     68/33          68/33          3/11           17/11          17/11          29/44          
[2,0,0,0,1,0,0,0,0,0,1,0,0,0]     68/33          68/33          3/11           17/11          17/11          29/44          
[2,0,0,0,1,0,0,0,1,0,0,0,0,0]     68/33          68/33          3/11           17/11          17/11          29/44          
[2,0,0,0,1,0,1,0,0,0,0,0,0,0]     68/33          68/33          3/11           17/11          17/11          29/44          
[2,0,0,0,2,0,0,0,0,0,0,0,0,0]     68/33          68/33          10/33          50/33          50/33          15/22          
[2,0,1,0,0,0,0,0,0,0,0,0,1,0]     68/33          68/33          3/11           17/11          17/11          29/44          
[2,0,1,0,0,0,0,0,0,0,1,0,0,0]     68/33          68/33          3/11           17/11          17/11          29/44          
[2,0,1,0,0,0,0,0,1,0,0,0,0,0]     68/33          68/33          3/11           17/11          17/11          29/44          
[2,0,1,0,0,0,1,0,0,0,0,0,0,0]     68/33          68/33          3/11           17/11          17/11          29/44          
[2,0,1,0,1,0,0,0,0,0,0,0,0,0]     68/33          68/33          3/11           17/11          17/11          29/44          
[2,0,2,0,0,0,0,0,0,0,0,0,0,0]     68/33          68/33          10/33          50/33          50/33          15/22          
q(R)>E is potentially violated on: [[0,0,0,0,0,0,0,0,0,0,0,0,0,0], [0,0,0,0,0,0,0,0,0,0,1,0,1,0], [0,0,0,0,0,0,0,0,1,0,0,0,1,0], [0,0,0,0,0,0,0,0,1,0,1,0,0,0], [0,0,0,0,0,0,1,0,0,0,0,0,1,0], [0,0,0,0,0,0,1,0,0,0,1,0,0,0], [0,0,0,0,0,0,1,0,1,0,0,0,0,0], [0,0,0,0,1,0,0,0,0,0,0,0,1,0], [0,0,0,0,1,0,0,0,0,0,1,0,0,0], [0,0,0,0,1,0,0,0,1,0,0,0,0,0], [0,0,0,0,1,0,1,0,0,0,0,0,0,0], [0,0,1,0,0,0,0,0,0,0,0,0,1,0], [0,0,1,0,0,0,0,0,0,0,1,0,0,0], [0,0,1,0,0,0,0,0,1,0,0,0,0,0], [0,0,1,0,0,0,1,0,0,0,0,0,0,0], [0,0,1,0,1,0,0,0,0,0,0,0,0,0], [1,0,0,0,0,0,0,0,0,0,0,0,1,0], [1,0,0,0,0,0,0,0,0,0,1,0,0,0], [1,0,0,0,0,0,0,0,1,0,0,0,0,0], [1,0,0,0,0,0,1,0,0,0,0,0,0,0], [1,0,0,0,1,0,0,0,0,0,0,0,0,0], [1,0,1,0,0,0,0,0,0,0,0,0,0,0]]
Crude estimate: LL > 2E if CasG > 7/33*sqrt(30) + 79/66, approx. 2.3588
Scanning for 0 <= CasG <= C.
Fourier mode                      CasG           KT?            LL >=          LL >= 2E?      
0                                 0                             -1/11                         
1e_2                              1                             2/3            >              
2e_1                              35/33                         15/22          >              
1e_1+1e_3                         2                             18/11          >              
2e_2                              68/33                         107/66         >              
2e_1+1e_2                         70/33                         37/22          >              
4e_1                              74/33                         119/66         >              
1e_5                              25/11                         64/33          >              

Done!