====== Sym2LowerBounds (2023/01/26, 14:30) for G=B19, H=B6B6B6======

LiE isotropy representation:      1X[0,0,0,0,0,0,1,0,0,0,0,0,1,0,0,0,0,0] +
     1X[1,0,0,0,0,0,0,0,0,0,0,0,1,0,0,0,0,0] +
     1X[1,0,0,0,0,0,1,0,0,0,0,0,0,0,0,0,0,0]
Einstein constant: E=61/148
Isotype in Sym^2_0                        CasGMin        CasGMax        CasH           A*AMin         A*AMax         q(R)Min        
[0,0,0,0,0,0,0,0,0,0,0,0,0,0,0,0,0,0]     39/37          76/37          0              15/37          52/37          15/148         
[0,0,0,0,0,0,0,0,0,0,0,0,2,0,0,0,0,0]     39/37          76/37          13/37          2/37           39/37          27/74          
[0,0,0,0,0,0,0,1,0,0,0,0,0,1,0,0,0,0]     70/37          76/37          22/37          24/37          30/37          28/37          
[0,0,0,0,0,0,1,0,0,0,0,0,1,0,0,0,0,0]     39/37          76/37          12/37          3/37           40/37          51/148         
[0,0,0,0,0,0,2,0,0,0,0,0,0,0,0,0,0,0]     39/37          76/37          13/37          2/37           39/37          27/74          
[0,0,0,0,0,0,2,0,0,0,0,0,2,0,0,0,0,0]     76/37          76/37          26/37          26/37          26/37          65/74          
[0,1,0,0,0,0,0,0,0,0,0,0,0,1,0,0,0,0]     70/37          76/37          22/37          24/37          30/37          28/37          
[0,1,0,0,0,0,0,1,0,0,0,0,0,0,0,0,0,0]     70/37          76/37          22/37          24/37          30/37          28/37          
[0,1,0,0,0,0,1,0,0,0,0,0,1,0,0,0,0,0]     70/37          76/37          23/37          23/37          29/37          115/148        
[1,0,0,0,0,0,0,0,0,0,0,0,1,0,0,0,0,0]     39/37          76/37          12/37          3/37           40/37          51/148         
[1,0,0,0,0,0,0,1,0,0,0,0,1,0,0,0,0,0]     70/37          76/37          23/37          23/37          29/37          115/148        
[1,0,0,0,0,0,1,0,0,0,0,0,0,0,0,0,0,0]     39/37          76/37          12/37          3/37           40/37          51/148         
[1,0,0,0,0,0,1,0,0,0,0,0,0,1,0,0,0,0]     70/37          76/37          23/37          23/37          29/37          115/148        
[1,0,0,0,0,0,1,0,0,0,0,0,2,0,0,0,0,0]     76/37          76/37          25/37          27/37          27/37          127/148        
[1,0,0,0,0,0,2,0,0,0,0,0,1,0,0,0,0,0]     76/37          76/37          25/37          27/37          27/37          127/148        
[2,0,0,0,0,0,0,0,0,0,0,0,0,0,0,0,0,0]     39/37          76/37          13/37          2/37           39/37          27/74          
[2,0,0,0,0,0,0,0,0,0,0,0,2,0,0,0,0,0]     76/37          76/37          26/37          26/37          26/37          65/74          
[2,0,0,0,0,0,1,0,0,0,0,0,1,0,0,0,0,0]     76/37          76/37          25/37          27/37          27/37          127/148        
[2,0,0,0,0,0,2,0,0,0,0,0,0,0,0,0,0,0]     76/37          76/37          26/37          26/37          26/37          65/74          
q(R)>E is potentially violated on: [[0,0,0,0,0,0,0,0,0,0,0,0,0,0,0,0,0,0], [0,0,0,0,0,0,0,0,0,0,0,0,2,0,0,0,0,0], [0,0,0,0,0,0,1,0,0,0,0,0,1,0,0,0,0,0], [0,0,0,0,0,0,2,0,0,0,0,0,0,0,0,0,0,0], [1,0,0,0,0,0,0,0,0,0,0,0,1,0,0,0,0,0], [1,0,0,0,0,0,1,0,0,0,0,0,0,0,0,0,0,0], [2,0,0,0,0,0,0,0,0,0,0,0,0,0,0,0,0,0]]
Crude estimate: LL > 2E if CasG > 1/37*sqrt(2210) + 3/2, approx. 2.7706
Scanning for 0 <= CasG <= C.
Fourier mode                              CasG           KT?            LL >=          LL >= 2E?      
0                                         0              !              -11/37                        
1e_2                                      1                             15/74                         
2e_1                                      39/37                         13/74                         
1e_1+1e_3                                 2                             42/37          >              
2e_2                                      76/37                         83/74          >              
2e_1+1e_2                                 78/37                         87/74          >              
4e_1                                      82/37                         95/74          >              

Done!