====== Sym2LowerBounds5 for G=D15, H=D3D3D3D3D3======

LiE isotropy representation:      1X[0,0,0,0,0,0,0,0,0,1,0,0,1,0,0] +
     1X[0,0,0,0,0,0,1,0,0,0,0,0,1,0,0] +
     1X[0,0,0,0,0,0,1,0,0,1,0,0,0,0,0] +
     1X[0,0,0,1,0,0,0,0,0,0,0,0,1,0,0] +
     1X[0,0,0,1,0,0,0,0,0,1,0,0,0,0,0] +
     1X[0,0,0,1,0,0,1,0,0,0,0,0,0,0,0] +
     1X[1,0,0,0,0,0,0,0,0,0,0,0,1,0,0] +
     1X[1,0,0,0,0,0,0,0,0,1,0,0,0,0,0] +
     1X[1,0,0,0,0,0,1,0,0,0,0,0,0,0,0] +
     1X[1,0,0,1,0,0,0,0,0,0,0,0,0,0,0]
Einstein constant: E=19/56
Isotype in Sym^2_0                  CasGMin        CasGMax        CasH           A*AMin         A*AMax         q(R)Min        
D3xD3xD3xD3xD3(0,0,0,0,0,0,0,0,0,0,0,0,0,0,0)15/14          29/14          0              5/7            12/7           5/28           
D3xD3xD3xD3xD3(0,0,0,0,0,0,0,0,0,0,0,0,2,0,0)15/14          29/14          3/14           1/2            3/2            19/56          
D3xD3xD3xD3xD3(0,0,0,0,0,0,0,0,0,0,1,1,0,1,1)13/7           29/14          2/7            17/14          10/7           33/56          
D3xD3xD3xD3xD3(0,0,0,0,0,0,0,0,0,1,0,0,1,0,0)15/14          29/14          5/28           15/28          43/28          5/16           
D3xD3xD3xD3xD3(0,0,0,0,0,0,0,0,0,2,0,0,0,0,0)15/14          29/14          3/14           1/2            3/2            19/56          
D3xD3xD3xD3xD3(0,0,0,0,0,0,0,0,0,2,0,0,2,0,0)29/14          29/14          3/7            9/7            9/7            3/4            
D3xD3xD3xD3xD3(0,0,0,0,0,0,0,1,1,0,0,0,0,1,1)13/7           29/14          2/7            17/14          10/7           33/56          
D3xD3xD3xD3xD3(0,0,0,0,0,0,0,1,1,0,1,1,0,0,0)13/7           29/14          2/7            17/14          10/7           33/56          
D3xD3xD3xD3xD3(0,0,0,0,0,0,0,1,1,1,0,0,1,0,0)13/7           29/14          9/28           33/28          39/28          69/112         
D3xD3xD3xD3xD3(0,0,0,0,0,0,1,0,0,0,0,0,1,0,0)15/14          29/14          5/28           15/28          43/28          5/16           
D3xD3xD3xD3xD3(0,0,0,0,0,0,1,0,0,0,1,1,1,0,0)13/7           29/14          9/28           33/28          39/28          69/112         
D3xD3xD3xD3xD3(0,0,0,0,0,0,1,0,0,1,0,0,0,0,0)15/14          29/14          5/28           15/28          43/28          5/16           
D3xD3xD3xD3xD3(0,0,0,0,0,0,1,0,0,1,0,0,0,1,1)13/7           29/14          9/28           33/28          39/28          69/112         
D3xD3xD3xD3xD3(0,0,0,0,0,0,1,0,0,1,0,0,2,0,0)29/14          29/14          11/28          37/28          37/28          81/112         
D3xD3xD3xD3xD3(0,0,0,0,0,0,1,0,0,2,0,0,1,0,0)29/14          29/14          11/28          37/28          37/28          81/112         
D3xD3xD3xD3xD3(0,0,0,0,0,0,2,0,0,0,0,0,0,0,0)15/14          29/14          3/14           1/2            3/2            19/56          
D3xD3xD3xD3xD3(0,0,0,0,0,0,2,0,0,0,0,0,2,0,0)29/14          29/14          3/7            9/7            9/7            3/4            
D3xD3xD3xD3xD3(0,0,0,0,0,0,2,0,0,1,0,0,1,0,0)29/14          29/14          11/28          37/28          37/28          81/112         
D3xD3xD3xD3xD3(0,0,0,0,0,0,2,0,0,2,0,0,0,0,0)29/14          29/14          3/7            9/7            9/7            3/4            
D3xD3xD3xD3xD3(0,0,0,0,1,1,0,0,0,0,0,0,0,1,1)13/7           29/14          2/7            17/14          10/7           33/56          
D3xD3xD3xD3xD3(0,0,0,0,1,1,0,0,0,0,1,1,0,0,0)13/7           29/14          2/7            17/14          10/7           33/56          
D3xD3xD3xD3xD3(0,0,0,0,1,1,0,0,0,1,0,0,1,0,0)13/7           29/14          9/28           33/28          39/28          69/112         
D3xD3xD3xD3xD3(0,0,0,0,1,1,0,1,1,0,0,0,0,0,0)13/7           29/14          2/7            17/14          10/7           33/56          
D3xD3xD3xD3xD3(0,0,0,0,1,1,1,0,0,0,0,0,1,0,0)13/7           29/14          9/28           33/28          39/28          69/112         
D3xD3xD3xD3xD3(0,0,0,0,1,1,1,0,0,1,0,0,0,0,0)13/7           29/14          9/28           33/28          39/28          69/112         
D3xD3xD3xD3xD3(0,0,0,1,0,0,0,0,0,0,0,0,1,0,0)15/14          29/14          5/28           15/28          43/28          5/16           
D3xD3xD3xD3xD3(0,0,0,1,0,0,0,0,0,0,1,1,1,0,0)13/7           29/14          9/28           33/28          39/28          69/112         
D3xD3xD3xD3xD3(0,0,0,1,0,0,0,0,0,1,0,0,0,0,0)15/14          29/14          5/28           15/28          43/28          5/16           
D3xD3xD3xD3xD3(0,0,0,1,0,0,0,0,0,1,0,0,0,1,1)13/7           29/14          9/28           33/28          39/28          69/112         
D3xD3xD3xD3xD3(0,0,0,1,0,0,0,0,0,1,0,0,2,0,0)29/14          29/14          11/28          37/28          37/28          81/112         
D3xD3xD3xD3xD3(0,0,0,1,0,0,0,0,0,2,0,0,1,0,0)29/14          29/14          11/28          37/28          37/28          81/112         
D3xD3xD3xD3xD3(0,0,0,1,0,0,0,1,1,0,0,0,1,0,0)13/7           29/14          9/28           33/28          39/28          69/112         
D3xD3xD3xD3xD3(0,0,0,1,0,0,0,1,1,1,0,0,0,0,0)13/7           29/14          9/28           33/28          39/28          69/112         
D3xD3xD3xD3xD3(0,0,0,1,0,0,1,0,0,0,0,0,0,0,0)15/14          29/14          5/28           15/28          43/28          5/16           
D3xD3xD3xD3xD3(0,0,0,1,0,0,1,0,0,0,0,0,0,1,1)13/7           29/14          9/28           33/28          39/28          69/112         
D3xD3xD3xD3xD3(0,0,0,1,0,0,1,0,0,0,0,0,2,0,0)29/14          29/14          11/28          37/28          37/28          81/112         
D3xD3xD3xD3xD3(0,0,0,1,0,0,1,0,0,0,1,1,0,0,0)13/7           29/14          9/28           33/28          39/28          69/112         
D3xD3xD3xD3xD3(0,0,0,1,0,0,1,0,0,1,0,0,1,0,0)13/7           29/14          5/14           8/7            19/14          9/14           
D3xD3xD3xD3xD3(0,0,0,1,0,0,1,0,0,2,0,0,0,0,0)29/14          29/14          11/28          37/28          37/28          81/112         
D3xD3xD3xD3xD3(0,0,0,1,0,0,2,0,0,0,0,0,1,0,0)29/14          29/14          11/28          37/28          37/28          81/112         
D3xD3xD3xD3xD3(0,0,0,1,0,0,2,0,0,1,0,0,0,0,0)29/14          29/14          11/28          37/28          37/28          81/112         
D3xD3xD3xD3xD3(0,0,0,2,0,0,0,0,0,0,0,0,0,0,0)15/14          29/14          3/14           1/2            3/2            19/56          
D3xD3xD3xD3xD3(0,0,0,2,0,0,0,0,0,0,0,0,2,0,0)29/14          29/14          3/7            9/7            9/7            3/4            
D3xD3xD3xD3xD3(0,0,0,2,0,0,0,0,0,1,0,0,1,0,0)29/14          29/14          11/28          37/28          37/28          81/112         
D3xD3xD3xD3xD3(0,0,0,2,0,0,0,0,0,2,0,0,0,0,0)29/14          29/14          3/7            9/7            9/7            3/4            
D3xD3xD3xD3xD3(0,0,0,2,0,0,1,0,0,0,0,0,1,0,0)29/14          29/14          11/28          37/28          37/28          81/112         
D3xD3xD3xD3xD3(0,0,0,2,0,0,1,0,0,1,0,0,0,0,0)29/14          29/14          11/28          37/28          37/28          81/112         
D3xD3xD3xD3xD3(0,0,0,2,0,0,2,0,0,0,0,0,0,0,0)29/14          29/14          3/7            9/7            9/7            3/4            
D3xD3xD3xD3xD3(0,1,1,0,0,0,0,0,0,0,0,0,0,1,1)13/7           29/14          2/7            17/14          10/7           33/56          
D3xD3xD3xD3xD3(0,1,1,0,0,0,0,0,0,0,1,1,0,0,0)13/7           29/14          2/7            17/14          10/7           33/56          
D3xD3xD3xD3xD3(0,1,1,0,0,0,0,0,0,1,0,0,1,0,0)13/7           29/14          9/28           33/28          39/28          69/112         
D3xD3xD3xD3xD3(0,1,1,0,0,0,0,1,1,0,0,0,0,0,0)13/7           29/14          2/7            17/14          10/7           33/56          
D3xD3xD3xD3xD3(0,1,1,0,0,0,1,0,0,0,0,0,1,0,0)13/7           29/14          9/28           33/28          39/28          69/112         
D3xD3xD3xD3xD3(0,1,1,0,0,0,1,0,0,1,0,0,0,0,0)13/7           29/14          9/28           33/28          39/28          69/112         
D3xD3xD3xD3xD3(0,1,1,0,1,1,0,0,0,0,0,0,0,0,0)13/7           29/14          2/7            17/14          10/7           33/56          
D3xD3xD3xD3xD3(0,1,1,1,0,0,0,0,0,0,0,0,1,0,0)13/7           29/14          9/28           33/28          39/28          69/112         
D3xD3xD3xD3xD3(0,1,1,1,0,0,0,0,0,1,0,0,0,0,0)13/7           29/14          9/28           33/28          39/28          69/112         
D3xD3xD3xD3xD3(0,1,1,1,0,0,1,0,0,0,0,0,0,0,0)13/7           29/14          9/28           33/28          39/28          69/112         
D3xD3xD3xD3xD3(1,0,0,0,0,0,0,0,0,0,0,0,1,0,0)15/14          29/14          5/28           15/28          43/28          5/16           
D3xD3xD3xD3xD3(1,0,0,0,0,0,0,0,0,0,1,1,1,0,0)13/7           29/14          9/28           33/28          39/28          69/112         
D3xD3xD3xD3xD3(1,0,0,0,0,0,0,0,0,1,0,0,0,0,0)15/14          29/14          5/28           15/28          43/28          5/16           
D3xD3xD3xD3xD3(1,0,0,0,0,0,0,0,0,1,0,0,0,1,1)13/7           29/14          9/28           33/28          39/28          69/112         
D3xD3xD3xD3xD3(1,0,0,0,0,0,0,0,0,1,0,0,2,0,0)29/14          29/14          11/28          37/28          37/28          81/112         
D3xD3xD3xD3xD3(1,0,0,0,0,0,0,0,0,2,0,0,1,0,0)29/14          29/14          11/28          37/28          37/28          81/112         
D3xD3xD3xD3xD3(1,0,0,0,0,0,0,1,1,0,0,0,1,0,0)13/7           29/14          9/28           33/28          39/28          69/112         
D3xD3xD3xD3xD3(1,0,0,0,0,0,0,1,1,1,0,0,0,0,0)13/7           29/14          9/28           33/28          39/28          69/112         
D3xD3xD3xD3xD3(1,0,0,0,0,0,1,0,0,0,0,0,0,0,0)15/14          29/14          5/28           15/28          43/28          5/16           
D3xD3xD3xD3xD3(1,0,0,0,0,0,1,0,0,0,0,0,0,1,1)13/7           29/14          9/28           33/28          39/28          69/112         
D3xD3xD3xD3xD3(1,0,0,0,0,0,1,0,0,0,0,0,2,0,0)29/14          29/14          11/28          37/28          37/28          81/112         
D3xD3xD3xD3xD3(1,0,0,0,0,0,1,0,0,0,1,1,0,0,0)13/7           29/14          9/28           33/28          39/28          69/112         
D3xD3xD3xD3xD3(1,0,0,0,0,0,1,0,0,1,0,0,1,0,0)13/7           29/14          5/14           8/7            19/14          9/14           
D3xD3xD3xD3xD3(1,0,0,0,0,0,1,0,0,2,0,0,0,0,0)29/14          29/14          11/28          37/28          37/28          81/112         
D3xD3xD3xD3xD3(1,0,0,0,0,0,2,0,0,0,0,0,1,0,0)29/14          29/14          11/28          37/28          37/28          81/112         
D3xD3xD3xD3xD3(1,0,0,0,0,0,2,0,0,1,0,0,0,0,0)29/14          29/14          11/28          37/28          37/28          81/112         
D3xD3xD3xD3xD3(1,0,0,0,1,1,0,0,0,0,0,0,1,0,0)13/7           29/14          9/28           33/28          39/28          69/112         
D3xD3xD3xD3xD3(1,0,0,0,1,1,0,0,0,1,0,0,0,0,0)13/7           29/14          9/28           33/28          39/28          69/112         
D3xD3xD3xD3xD3(1,0,0,0,1,1,1,0,0,0,0,0,0,0,0)13/7           29/14          9/28           33/28          39/28          69/112         
D3xD3xD3xD3xD3(1,0,0,1,0,0,0,0,0,0,0,0,0,0,0)15/14          29/14          5/28           15/28          43/28          5/16           
D3xD3xD3xD3xD3(1,0,0,1,0,0,0,0,0,0,0,0,0,1,1)13/7           29/14          9/28           33/28          39/28          69/112         
D3xD3xD3xD3xD3(1,0,0,1,0,0,0,0,0,0,0,0,2,0,0)29/14          29/14          11/28          37/28          37/28          81/112         
D3xD3xD3xD3xD3(1,0,0,1,0,0,0,0,0,0,1,1,0,0,0)13/7           29/14          9/28           33/28          39/28          69/112         
D3xD3xD3xD3xD3(1,0,0,1,0,0,0,0,0,1,0,0,1,0,0)13/7           29/14          5/14           8/7            19/14          9/14           
D3xD3xD3xD3xD3(1,0,0,1,0,0,0,0,0,2,0,0,0,0,0)29/14          29/14          11/28          37/28          37/28          81/112         
D3xD3xD3xD3xD3(1,0,0,1,0,0,0,1,1,0,0,0,0,0,0)13/7           29/14          9/28           33/28          39/28          69/112         
D3xD3xD3xD3xD3(1,0,0,1,0,0,1,0,0,0,0,0,1,0,0)13/7           29/14          5/14           8/7            19/14          9/14           
D3xD3xD3xD3xD3(1,0,0,1,0,0,1,0,0,1,0,0,0,0,0)13/7           29/14          5/14           8/7            19/14          9/14           
D3xD3xD3xD3xD3(1,0,0,1,0,0,2,0,0,0,0,0,0,0,0)29/14          29/14          11/28          37/28          37/28          81/112         
D3xD3xD3xD3xD3(1,0,0,2,0,0,0,0,0,0,0,0,1,0,0)29/14          29/14          11/28          37/28          37/28          81/112         
D3xD3xD3xD3xD3(1,0,0,2,0,0,0,0,0,1,0,0,0,0,0)29/14          29/14          11/28          37/28          37/28          81/112         
D3xD3xD3xD3xD3(1,0,0,2,0,0,1,0,0,0,0,0,0,0,0)29/14          29/14          11/28          37/28          37/28          81/112         
D3xD3xD3xD3xD3(2,0,0,0,0,0,0,0,0,0,0,0,0,0,0)15/14          29/14          3/14           1/2            3/2            19/56          
D3xD3xD3xD3xD3(2,0,0,0,0,0,0,0,0,0,0,0,2,0,0)29/14          29/14          3/7            9/7            9/7            3/4            
D3xD3xD3xD3xD3(2,0,0,0,0,0,0,0,0,1,0,0,1,0,0)29/14          29/14          11/28          37/28          37/28          81/112         
D3xD3xD3xD3xD3(2,0,0,0,0,0,0,0,0,2,0,0,0,0,0)29/14          29/14          3/7            9/7            9/7            3/4            
D3xD3xD3xD3xD3(2,0,0,0,0,0,1,0,0,0,0,0,1,0,0)29/14          29/14          11/28          37/28          37/28          81/112         
D3xD3xD3xD3xD3(2,0,0,0,0,0,1,0,0,1,0,0,0,0,0)29/14          29/14          11/28          37/28          37/28          81/112         
D3xD3xD3xD3xD3(2,0,0,0,0,0,2,0,0,0,0,0,0,0,0)29/14          29/14          3/7            9/7            9/7            3/4            
D3xD3xD3xD3xD3(2,0,0,1,0,0,0,0,0,0,0,0,1,0,0)29/14          29/14          11/28          37/28          37/28          81/112         
D3xD3xD3xD3xD3(2,0,0,1,0,0,0,0,0,1,0,0,0,0,0)29/14          29/14          11/28          37/28          37/28          81/112         
D3xD3xD3xD3xD3(2,0,0,1,0,0,1,0,0,0,0,0,0,0,0)29/14          29/14          11/28          37/28          37/28          81/112         
D3xD3xD3xD3xD3(2,0,0,2,0,0,0,0,0,0,0,0,0,0,0)29/14          29/14          3/7            9/7            9/7            3/4            
q(R)>E is potentially violated on: [[0,0,0,0,0,0,0,0,0,0,0,0,0,0,0], [0,0,0,0,0,0,0,0,0,0,0,0,2,0,0], [0,0,0,0,0,0,0,0,0,1,0,0,1,0,0], [0,0,0,0,0,0,0,0,0,2,0,0,0,0,0], [0,0,0,0,0,0,1,0,0,0,0,0,1,0,0], [0,0,0,0,0,0,1,0,0,1,0,0,0,0,0], [0,0,0,0,0,0,2,0,0,0,0,0,0,0,0], [0,0,0,1,0,0,0,0,0,0,0,0,1,0,0], [0,0,0,1,0,0,0,0,0,1,0,0,0,0,0], [0,0,0,1,0,0,1,0,0,0,0,0,0,0,0], [0,0,0,2,0,0,0,0,0,0,0,0,0,0,0], [1,0,0,0,0,0,0,0,0,0,0,0,1,0,0], [1,0,0,0,0,0,0,0,0,1,0,0,0,0,0], [1,0,0,0,0,0,1,0,0,0,0,0,0,0,0], [1,0,0,1,0,0,0,0,0,0,0,0,0,0,0], [2,0,0,0,0,0,0,0,0,0,0,0,0,0,0]]
Crude estimate: LL > 2E if CasG > 6/7*sqrt(2) + 9/7, approx. 2.4979
Fourier mode                        CasG           KT?            LL >=          LL >= 2E?      
0                                   0                             -1/7                          
1e_2                                1                             29/56                         
2e_1                                15/14                         15/28                         
1e_1+1e_3                           2                             83/56          >              
2e_2                                29/14                         41/28          >              
2e_1+1e_2                           15/7                          43/28          >              
4e_1                                16/7                          47/28          >              

Done!