====== Sym2LowerBounds (2023/03/04 19:15) for G=D16, H=A1A1A1A1A1A1A1A1A1A1A1A1A1A1A1A1======

LiE isotropy representation:      1X[0,0,0,0,0,0,0,0,0,0,0,0,1,1,1,1] +
     1X[0,0,0,0,0,0,0,0,0,0,1,1,0,0,1,1] +
     1X[0,0,0,0,0,0,0,0,0,0,1,1,1,1,0,0] +
     1X[0,0,0,0,0,0,0,0,1,1,0,0,0,0,1,1] +
     1X[0,0,0,0,0,0,0,0,1,1,0,0,1,1,0,0] +
     1X[0,0,0,0,0,0,0,0,1,1,1,1,0,0,0,0] +
     1X[0,0,0,0,0,0,1,1,0,0,0,0,0,0,1,1] +
     1X[0,0,0,0,0,0,1,1,0,0,0,0,1,1,0,0] +
     1X[0,0,0,0,0,0,1,1,0,0,1,1,0,0,0,0] +
     1X[0,0,0,0,0,0,1,1,1,1,0,0,0,0,0,0] +
     1X[0,0,0,0,1,1,0,0,0,0,0,0,0,0,1,1] +
     1X[0,0,0,0,1,1,0,0,0,0,0,0,1,1,0,0] +
     1X[0,0,0,0,1,1,0,0,0,0,1,1,0,0,0,0] +
     1X[0,0,0,0,1,1,0,0,1,1,0,0,0,0,0,0] +
     1X[0,0,0,0,1,1,1,1,0,0,0,0,0,0,0,0] +
     1X[0,0,1,1,0,0,0,0,0,0,0,0,0,0,1,1] +
     1X[0,0,1,1,0,0,0,0,0,0,0,0,1,1,0,0] +
     1X[0,0,1,1,0,0,0,0,0,0,1,1,0,0,0,0] +
     1X[0,0,1,1,0,0,0,0,1,1,0,0,0,0,0,0] +
     1X[0,0,1,1,0,0,1,1,0,0,0,0,0,0,0,0] +
     1X[0,0,1,1,1,1,0,0,0,0,0,0,0,0,0,0] +
     1X[1,1,0,0,0,0,0,0,0,0,0,0,0,0,1,1] +
     1X[1,1,0,0,0,0,0,0,0,0,0,0,1,1,0,0] +
     1X[1,1,0,0,0,0,0,0,0,0,1,1,0,0,0,0] +
     1X[1,1,0,0,0,0,0,0,1,1,0,0,0,0,0,0] +
     1X[1,1,0,0,0,0,1,1,0,0,0,0,0,0,0,0] +
     1X[1,1,0,0,1,1,0,0,0,0,0,0,0,0,0,0] +
     1X[1,1,1,1,0,0,0,0,0,0,0,0,0,0,0,0]
Einstein constant: E=3/10
Isotype in Sym^2_0                    CasGMin        CasGMax        CasH           A*AMin         A*AMax         q(R)Min        
[0,0,0,0,0,0,0,0,0,0,0,0,0,0,0,0]     16/15          31/15          0              13/15          28/15          13/60          
[0,0,0,0,0,0,0,0,0,0,0,0,0,0,2,2]     16/15          31/15          2/15           11/15          26/15          19/60          
[0,0,0,0,0,0,0,0,0,0,0,0,0,2,0,2]     28/15          31/15          2/15           23/15          26/15          31/60          
[0,0,0,0,0,0,0,0,0,0,0,0,0,2,2,0]     28/15          31/15          2/15           23/15          26/15          31/60          
[0,0,0,0,0,0,0,0,0,0,0,0,1,1,1,1]     16/15          31/15          1/10           23/30          53/30          7/24           
[0,0,0,0,0,0,0,0,0,0,0,0,2,0,0,2]     28/15          31/15          2/15           23/15          26/15          31/60          
[0,0,0,0,0,0,0,0,0,0,0,0,2,0,2,0]     28/15          31/15          2/15           23/15          26/15          31/60          
[0,0,0,0,0,0,0,0,0,0,0,0,2,2,0,0]     16/15          31/15          2/15           11/15          26/15          19/60          
[0,0,0,0,0,0,0,0,0,0,0,0,2,2,2,2]     31/15          31/15          4/15           8/5            8/5            2/3            
[0,0,0,0,0,0,0,0,0,0,0,2,0,0,0,2]     28/15          31/15          2/15           23/15          26/15          31/60          
[0,0,0,0,0,0,0,0,0,0,0,2,0,0,2,0]     28/15          31/15          2/15           23/15          26/15          31/60          
[0,0,0,0,0,0,0,0,0,0,0,2,0,2,0,0]     28/15          31/15          2/15           23/15          26/15          31/60          
[0,0,0,0,0,0,0,0,0,0,0,2,1,1,1,1]     28/15          31/15          1/6            3/2            17/10          13/24          
[0,0,0,0,0,0,0,0,0,0,0,2,2,0,0,0]     28/15          31/15          2/15           23/15          26/15          31/60          
[0,0,0,0,0,0,0,0,0,0,1,1,0,0,1,1]     16/15          31/15          1/10           23/30          53/30          7/24           
[0,0,0,0,0,0,0,0,0,0,1,1,0,2,1,1]     28/15          31/15          1/6            3/2            17/10          13/24          
[0,0,0,0,0,0,0,0,0,0,1,1,1,1,0,0]     16/15          31/15          1/10           23/30          53/30          7/24           
[0,0,0,0,0,0,0,0,0,0,1,1,1,1,0,2]     28/15          31/15          1/6            3/2            17/10          13/24          
[0,0,0,0,0,0,0,0,0,0,1,1,1,1,2,0]     28/15          31/15          1/6            3/2            17/10          13/24          
[0,0,0,0,0,0,0,0,0,0,1,1,1,1,2,2]     31/15          31/15          7/30           49/30          49/30          77/120         
[0,0,0,0,0,0,0,0,0,0,1,1,2,0,1,1]     28/15          31/15          1/6            3/2            17/10          13/24          
[0,0,0,0,0,0,0,0,0,0,1,1,2,2,1,1]     31/15          31/15          7/30           49/30          49/30          77/120         
[0,0,0,0,0,0,0,0,0,0,2,0,0,0,0,2]     28/15          31/15          2/15           23/15          26/15          31/60          
[0,0,0,0,0,0,0,0,0,0,2,0,0,0,2,0]     28/15          31/15          2/15           23/15          26/15          31/60          
[0,0,0,0,0,0,0,0,0,0,2,0,0,2,0,0]     28/15          31/15          2/15           23/15          26/15          31/60          
[0,0,0,0,0,0,0,0,0,0,2,0,1,1,1,1]     28/15          31/15          1/6            3/2            17/10          13/24          
[0,0,0,0,0,0,0,0,0,0,2,0,2,0,0,0]     28/15          31/15          2/15           23/15          26/15          31/60          
[0,0,0,0,0,0,0,0,0,0,2,2,0,0,0,0]     16/15          31/15          2/15           11/15          26/15          19/60          
[0,0,0,0,0,0,0,0,0,0,2,2,0,0,2,2]     31/15          31/15          4/15           8/5            8/5            2/3            
[0,0,0,0,0,0,0,0,0,0,2,2,1,1,1,1]     31/15          31/15          7/30           49/30          49/30          77/120         
[0,0,0,0,0,0,0,0,0,0,2,2,2,2,0,0]     31/15          31/15          4/15           8/5            8/5            2/3            
[0,0,0,0,0,0,0,0,0,2,0,0,0,0,0,2]     28/15          31/15          2/15           23/15          26/15          31/60          
[0,0,0,0,0,0,0,0,0,2,0,0,0,0,2,0]     28/15          31/15          2/15           23/15          26/15          31/60          
[0,0,0,0,0,0,0,0,0,2,0,0,0,2,0,0]     28/15          31/15          2/15           23/15          26/15          31/60          
[0,0,0,0,0,0,0,0,0,2,0,0,1,1,1,1]     28/15          31/15          1/6            3/2            17/10          13/24          
[0,0,0,0,0,0,0,0,0,2,0,0,2,0,0,0]     28/15          31/15          2/15           23/15          26/15          31/60          
[0,0,0,0,0,0,0,0,0,2,0,2,0,0,0,0]     28/15          31/15          2/15           23/15          26/15          31/60          
[0,0,0,0,0,0,0,0,0,2,1,1,0,0,1,1]     28/15          31/15          1/6            3/2            17/10          13/24          
[0,0,0,0,0,0,0,0,0,2,1,1,1,1,0,0]     28/15          31/15          1/6            3/2            17/10          13/24          
[0,0,0,0,0,0,0,0,0,2,2,0,0,0,0,0]     28/15          31/15          2/15           23/15          26/15          31/60          
[0,0,0,0,0,0,0,0,1,1,0,0,0,0,1,1]     16/15          31/15          1/10           23/30          53/30          7/24           
[0,0,0,0,0,0,0,0,1,1,0,0,0,2,1,1]     28/15          31/15          1/6            3/2            17/10          13/24          
[0,0,0,0,0,0,0,0,1,1,0,0,1,1,0,0]     16/15          31/15          1/10           23/30          53/30          7/24           
[0,0,0,0,0,0,0,0,1,1,0,0,1,1,0,2]     28/15          31/15          1/6            3/2            17/10          13/24          
[0,0,0,0,0,0,0,0,1,1,0,0,1,1,2,0]     28/15          31/15          1/6            3/2            17/10          13/24          
[0,0,0,0,0,0,0,0,1,1,0,0,1,1,2,2]     31/15          31/15          7/30           49/30          49/30          77/120         
[0,0,0,0,0,0,0,0,1,1,0,0,2,0,1,1]     28/15          31/15          1/6            3/2            17/10          13/24          
[0,0,0,0,0,0,0,0,1,1,0,0,2,2,1,1]     31/15          31/15          7/30           49/30          49/30          77/120         
[0,0,0,0,0,0,0,0,1,1,0,2,0,0,1,1]     28/15          31/15          1/6            3/2            17/10          13/24          
[0,0,0,0,0,0,0,0,1,1,0,2,1,1,0,0]     28/15          31/15          1/6            3/2            17/10          13/24          
[0,0,0,0,0,0,0,0,1,1,1,1,0,0,0,0]     16/15          31/15          1/10           23/30          53/30          7/24           
[0,0,0,0,0,0,0,0,1,1,1,1,0,0,0,2]     28/15          31/15          1/6            3/2            17/10          13/24          
[0,0,0,0,0,0,0,0,1,1,1,1,0,0,2,0]     28/15          31/15          1/6            3/2            17/10          13/24          
[0,0,0,0,0,0,0,0,1,1,1,1,0,0,2,2]     31/15          31/15          7/30           49/30          49/30          77/120         
[0,0,0,0,0,0,0,0,1,1,1,1,0,2,0,0]     28/15          31/15          1/6            3/2            17/10          13/24          
[0,0,0,0,0,0,0,0,1,1,1,1,1,1,1,1]     28/15          31/15          1/5            22/15          5/3            17/30          
[0,0,0,0,0,0,0,0,1,1,1,1,2,0,0,0]     28/15          31/15          1/6            3/2            17/10          13/24          
[0,0,0,0,0,0,0,0,1,1,1,1,2,2,0,0]     31/15          31/15          7/30           49/30          49/30          77/120         
[0,0,0,0,0,0,0,0,1,1,2,0,0,0,1,1]     28/15          31/15          1/6            3/2            17/10          13/24          
[0,0,0,0,0,0,0,0,1,1,2,0,1,1,0,0]     28/15          31/15          1/6            3/2            17/10          13/24          
[0,0,0,0,0,0,0,0,1,1,2,2,0,0,1,1]     31/15          31/15          7/30           49/30          49/30          77/120         
[0,0,0,0,0,0,0,0,1,1,2,2,1,1,0,0]     31/15          31/15          7/30           49/30          49/30          77/120         
[0,0,0,0,0,0,0,0,2,0,0,0,0,0,0,2]     28/15          31/15          2/15           23/15          26/15          31/60          
[0,0,0,0,0,0,0,0,2,0,0,0,0,0,2,0]     28/15          31/15          2/15           23/15          26/15          31/60          
[0,0,0,0,0,0,0,0,2,0,0,0,0,2,0,0]     28/15          31/15          2/15           23/15          26/15          31/60          
[0,0,0,0,0,0,0,0,2,0,0,0,1,1,1,1]     28/15          31/15          1/6            3/2            17/10          13/24          
[0,0,0,0,0,0,0,0,2,0,0,0,2,0,0,0]     28/15          31/15          2/15           23/15          26/15          31/60          
[0,0,0,0,0,0,0,0,2,0,0,2,0,0,0,0]     28/15          31/15          2/15           23/15          26/15          31/60          
[0,0,0,0,0,0,0,0,2,0,1,1,0,0,1,1]     28/15          31/15          1/6            3/2            17/10          13/24          
[0,0,0,0,0,0,0,0,2,0,1,1,1,1,0,0]     28/15          31/15          1/6            3/2            17/10          13/24          
[0,0,0,0,0,0,0,0,2,0,2,0,0,0,0,0]     28/15          31/15          2/15           23/15          26/15          31/60          
[0,0,0,0,0,0,0,0,2,2,0,0,0,0,0,0]     16/15          31/15          2/15           11/15          26/15          19/60          
[0,0,0,0,0,0,0,0,2,2,0,0,0,0,2,2]     31/15          31/15          4/15           8/5            8/5            2/3            
[0,0,0,0,0,0,0,0,2,2,0,0,1,1,1,1]     31/15          31/15          7/30           49/30          49/30          77/120         
[0,0,0,0,0,0,0,0,2,2,0,0,2,2,0,0]     31/15          31/15          4/15           8/5            8/5            2/3            
[0,0,0,0,0,0,0,0,2,2,1,1,0,0,1,1]     31/15          31/15          7/30           49/30          49/30          77/120         
[0,0,0,0,0,0,0,0,2,2,1,1,1,1,0,0]     31/15          31/15          7/30           49/30          49/30          77/120         
[0,0,0,0,0,0,0,0,2,2,2,2,0,0,0,0]     31/15          31/15          4/15           8/5            8/5            2/3            
[0,0,0,0,0,0,0,2,0,0,0,0,0,0,0,2]     28/15          31/15          2/15           23/15          26/15          31/60          
[0,0,0,0,0,0,0,2,0,0,0,0,0,0,2,0]     28/15          31/15          2/15           23/15          26/15          31/60          
[0,0,0,0,0,0,0,2,0,0,0,0,0,2,0,0]     28/15          31/15          2/15           23/15          26/15          31/60          
[0,0,0,0,0,0,0,2,0,0,0,0,1,1,1,1]     28/15          31/15          1/6            3/2            17/10          13/24          
[0,0,0,0,0,0,0,2,0,0,0,0,2,0,0,0]     28/15          31/15          2/15           23/15          26/15          31/60          
[0,0,0,0,0,0,0,2,0,0,0,2,0,0,0,0]     28/15          31/15          2/15           23/15          26/15          31/60          
[0,0,0,0,0,0,0,2,0,0,1,1,0,0,1,1]     28/15          31/15          1/6            3/2            17/10          13/24          
[0,0,0,0,0,0,0,2,0,0,1,1,1,1,0,0]     28/15          31/15          1/6            3/2            17/10          13/24          
[0,0,0,0,0,0,0,2,0,0,2,0,0,0,0,0]     28/15          31/15          2/15           23/15          26/15          31/60          
[0,0,0,0,0,0,0,2,0,2,0,0,0,0,0,0]     28/15          31/15          2/15           23/15          26/15          31/60          
[0,0,0,0,0,0,0,2,1,1,0,0,0,0,1,1]     28/15          31/15          1/6            3/2            17/10          13/24          
[0,0,0,0,0,0,0,2,1,1,0,0,1,1,0,0]     28/15          31/15          1/6            3/2            17/10          13/24          
[0,0,0,0,0,0,0,2,1,1,1,1,0,0,0,0]     28/15          31/15          1/6            3/2            17/10          13/24          
[0,0,0,0,0,0,0,2,2,0,0,0,0,0,0,0]     28/15          31/15          2/15           23/15          26/15          31/60          
[0,0,0,0,0,0,1,1,0,0,0,0,0,0,1,1]     16/15          31/15          1/10           23/30          53/30          7/24           
[0,0,0,0,0,0,1,1,0,0,0,0,0,2,1,1]     28/15          31/15          1/6            3/2            17/10          13/24          
[0,0,0,0,0,0,1,1,0,0,0,0,1,1,0,0]     16/15          31/15          1/10           23/30          53/30          7/24           
[0,0,0,0,0,0,1,1,0,0,0,0,1,1,0,2]     28/15          31/15          1/6            3/2            17/10          13/24          
[0,0,0,0,0,0,1,1,0,0,0,0,1,1,2,0]     28/15          31/15          1/6            3/2            17/10          13/24          
[0,0,0,0,0,0,1,1,0,0,0,0,1,1,2,2]     31/15          31/15          7/30           49/30          49/30          77/120         
[0,0,0,0,0,0,1,1,0,0,0,0,2,0,1,1]     28/15          31/15          1/6            3/2            17/10          13/24          
[0,0,0,0,0,0,1,1,0,0,0,0,2,2,1,1]     31/15          31/15          7/30           49/30          49/30          77/120         
[0,0,0,0,0,0,1,1,0,0,0,2,0,0,1,1]     28/15          31/15          1/6            3/2            17/10          13/24          
[0,0,0,0,0,0,1,1,0,0,0,2,1,1,0,0]     28/15          31/15          1/6            3/2            17/10          13/24          
[0,0,0,0,0,0,1,1,0,0,1,1,0,0,0,0]     16/15          31/15          1/10           23/30          53/30          7/24           
[0,0,0,0,0,0,1,1,0,0,1,1,0,0,0,2]     28/15          31/15          1/6            3/2            17/10          13/24          
[0,0,0,0,0,0,1,1,0,0,1,1,0,0,2,0]     28/15          31/15          1/6            3/2            17/10          13/24          
[0,0,0,0,0,0,1,1,0,0,1,1,0,0,2,2]     31/15          31/15          7/30           49/30          49/30          77/120         
[0,0,0,0,0,0,1,1,0,0,1,1,0,2,0,0]     28/15          31/15          1/6            3/2            17/10          13/24          
[0,0,0,0,0,0,1,1,0,0,1,1,1,1,1,1]     28/15          31/15          1/5            22/15          5/3            17/30          
[0,0,0,0,0,0,1,1,0,0,1,1,2,0,0,0]     28/15          31/15          1/6            3/2            17/10          13/24          
[0,0,0,0,0,0,1,1,0,0,1,1,2,2,0,0]     31/15          31/15          7/30           49/30          49/30          77/120         
[0,0,0,0,0,0,1,1,0,0,2,0,0,0,1,1]     28/15          31/15          1/6            3/2            17/10          13/24          
[0,0,0,0,0,0,1,1,0,0,2,0,1,1,0,0]     28/15          31/15          1/6            3/2            17/10          13/24          
[0,0,0,0,0,0,1,1,0,0,2,2,0,0,1,1]     31/15          31/15          7/30           49/30          49/30          77/120         
[0,0,0,0,0,0,1,1,0,0,2,2,1,1,0,0]     31/15          31/15          7/30           49/30          49/30          77/120         
[0,0,0,0,0,0,1,1,0,2,0,0,0,0,1,1]     28/15          31/15          1/6            3/2            17/10          13/24          
[0,0,0,0,0,0,1,1,0,2,0,0,1,1,0,0]     28/15          31/15          1/6            3/2            17/10          13/24          
[0,0,0,0,0,0,1,1,0,2,1,1,0,0,0,0]     28/15          31/15          1/6            3/2            17/10          13/24          
[0,0,0,0,0,0,1,1,1,1,0,0,0,0,0,0]     16/15          31/15          1/10           23/30          53/30          7/24           
[0,0,0,0,0,0,1,1,1,1,0,0,0,0,0,2]     28/15          31/15          1/6            3/2            17/10          13/24          
[0,0,0,0,0,0,1,1,1,1,0,0,0,0,2,0]     28/15          31/15          1/6            3/2            17/10          13/24          
[0,0,0,0,0,0,1,1,1,1,0,0,0,0,2,2]     31/15          31/15          7/30           49/30          49/30          77/120         
[0,0,0,0,0,0,1,1,1,1,0,0,0,2,0,0]     28/15          31/15          1/6            3/2            17/10          13/24          
[0,0,0,0,0,0,1,1,1,1,0,0,1,1,1,1]     28/15          31/15          1/5            22/15          5/3            17/30          
[0,0,0,0,0,0,1,1,1,1,0,0,2,0,0,0]     28/15          31/15          1/6            3/2            17/10          13/24          
[0,0,0,0,0,0,1,1,1,1,0,0,2,2,0,0]     31/15          31/15          7/30           49/30          49/30          77/120         
[0,0,0,0,0,0,1,1,1,1,0,2,0,0,0,0]     28/15          31/15          1/6            3/2            17/10          13/24          
[0,0,0,0,0,0,1,1,1,1,1,1,0,0,1,1]     28/15          31/15          1/5            22/15          5/3            17/30          
[0,0,0,0,0,0,1,1,1,1,1,1,1,1,0,0]     28/15          31/15          1/5            22/15          5/3            17/30          
[0,0,0,0,0,0,1,1,1,1,2,0,0,0,0,0]     28/15          31/15          1/6            3/2            17/10          13/24          
[0,0,0,0,0,0,1,1,1,1,2,2,0,0,0,0]     31/15          31/15          7/30           49/30          49/30          77/120         
[0,0,0,0,0,0,1,1,2,0,0,0,0,0,1,1]     28/15          31/15          1/6            3/2            17/10          13/24          
[0,0,0,0,0,0,1,1,2,0,0,0,1,1,0,0]     28/15          31/15          1/6            3/2            17/10          13/24          
[0,0,0,0,0,0,1,1,2,0,1,1,0,0,0,0]     28/15          31/15          1/6            3/2            17/10          13/24          
[0,0,0,0,0,0,1,1,2,2,0,0,0,0,1,1]     31/15          31/15          7/30           49/30          49/30          77/120         
[0,0,0,0,0,0,1,1,2,2,0,0,1,1,0,0]     31/15          31/15          7/30           49/30          49/30          77/120         
[0,0,0,0,0,0,1,1,2,2,1,1,0,0,0,0]     31/15          31/15          7/30           49/30          49/30          77/120         
[0,0,0,0,0,0,2,0,0,0,0,0,0,0,0,2]     28/15          31/15          2/15           23/15          26/15          31/60          
[0,0,0,0,0,0,2,0,0,0,0,0,0,0,2,0]     28/15          31/15          2/15           23/15          26/15          31/60          
[0,0,0,0,0,0,2,0,0,0,0,0,0,2,0,0]     28/15          31/15          2/15           23/15          26/15          31/60          
[0,0,0,0,0,0,2,0,0,0,0,0,1,1,1,1]     28/15          31/15          1/6            3/2            17/10          13/24          
[0,0,0,0,0,0,2,0,0,0,0,0,2,0,0,0]     28/15          31/15          2/15           23/15          26/15          31/60          
[0,0,0,0,0,0,2,0,0,0,0,2,0,0,0,0]     28/15          31/15          2/15           23/15          26/15          31/60          
[0,0,0,0,0,0,2,0,0,0,1,1,0,0,1,1]     28/15          31/15          1/6            3/2            17/10          13/24          
[0,0,0,0,0,0,2,0,0,0,1,1,1,1,0,0]     28/15          31/15          1/6            3/2            17/10          13/24          
[0,0,0,0,0,0,2,0,0,0,2,0,0,0,0,0]     28/15          31/15          2/15           23/15          26/15          31/60          
[0,0,0,0,0,0,2,0,0,2,0,0,0,0,0,0]     28/15          31/15          2/15           23/15          26/15          31/60          
[0,0,0,0,0,0,2,0,1,1,0,0,0,0,1,1]     28/15          31/15          1/6            3/2            17/10          13/24          
[0,0,0,0,0,0,2,0,1,1,0,0,1,1,0,0]     28/15          31/15          1/6            3/2            17/10          13/24          
[0,0,0,0,0,0,2,0,1,1,1,1,0,0,0,0]     28/15          31/15          1/6            3/2            17/10          13/24          
[0,0,0,0,0,0,2,0,2,0,0,0,0,0,0,0]     28/15          31/15          2/15           23/15          26/15          31/60          
[0,0,0,0,0,0,2,2,0,0,0,0,0,0,0,0]     16/15          31/15          2/15           11/15          26/15          19/60          
[0,0,0,0,0,0,2,2,0,0,0,0,0,0,2,2]     31/15          31/15          4/15           8/5            8/5            2/3            
[0,0,0,0,0,0,2,2,0,0,0,0,1,1,1,1]     31/15          31/15          7/30           49/30          49/30          77/120         
[0,0,0,0,0,0,2,2,0,0,0,0,2,2,0,0]     31/15          31/15          4/15           8/5            8/5            2/3            
[0,0,0,0,0,0,2,2,0,0,1,1,0,0,1,1]     31/15          31/15          7/30           49/30          49/30          77/120         
[0,0,0,0,0,0,2,2,0,0,1,1,1,1,0,0]     31/15          31/15          7/30           49/30          49/30          77/120         
[0,0,0,0,0,0,2,2,0,0,2,2,0,0,0,0]     31/15          31/15          4/15           8/5            8/5            2/3            
[0,0,0,0,0,0,2,2,1,1,0,0,0,0,1,1]     31/15          31/15          7/30           49/30          49/30          77/120         
[0,0,0,0,0,0,2,2,1,1,0,0,1,1,0,0]     31/15          31/15          7/30           49/30          49/30          77/120         
[0,0,0,0,0,0,2,2,1,1,1,1,0,0,0,0]     31/15          31/15          7/30           49/30          49/30          77/120         
[0,0,0,0,0,0,2,2,2,2,0,0,0,0,0,0]     31/15          31/15          4/15           8/5            8/5            2/3            
[0,0,0,0,0,2,0,0,0,0,0,0,0,0,0,2]     28/15          31/15          2/15           23/15          26/15          31/60          
[0,0,0,0,0,2,0,0,0,0,0,0,0,0,2,0]     28/15          31/15          2/15           23/15          26/15          31/60          
[0,0,0,0,0,2,0,0,0,0,0,0,0,2,0,0]     28/15          31/15          2/15           23/15          26/15          31/60          
[0,0,0,0,0,2,0,0,0,0,0,0,1,1,1,1]     28/15          31/15          1/6            3/2            17/10          13/24          
[0,0,0,0,0,2,0,0,0,0,0,0,2,0,0,0]     28/15          31/15          2/15           23/15          26/15          31/60          
[0,0,0,0,0,2,0,0,0,0,0,2,0,0,0,0]     28/15          31/15          2/15           23/15          26/15          31/60          
[0,0,0,0,0,2,0,0,0,0,1,1,0,0,1,1]     28/15          31/15          1/6            3/2            17/10          13/24          
[0,0,0,0,0,2,0,0,0,0,1,1,1,1,0,0]     28/15          31/15          1/6            3/2            17/10          13/24          
[0,0,0,0,0,2,0,0,0,0,2,0,0,0,0,0]     28/15          31/15          2/15           23/15          26/15          31/60          
[0,0,0,0,0,2,0,0,0,2,0,0,0,0,0,0]     28/15          31/15          2/15           23/15          26/15          31/60          
[0,0,0,0,0,2,0,0,1,1,0,0,0,0,1,1]     28/15          31/15          1/6            3/2            17/10          13/24          
[0,0,0,0,0,2,0,0,1,1,0,0,1,1,0,0]     28/15          31/15          1/6            3/2            17/10          13/24          
[0,0,0,0,0,2,0,0,1,1,1,1,0,0,0,0]     28/15          31/15          1/6            3/2            17/10          13/24          
[0,0,0,0,0,2,0,0,2,0,0,0,0,0,0,0]     28/15          31/15          2/15           23/15          26/15          31/60          
[0,0,0,0,0,2,0,2,0,0,0,0,0,0,0,0]     28/15          31/15          2/15           23/15          26/15          31/60          
[0,0,0,0,0,2,1,1,0,0,0,0,0,0,1,1]     28/15          31/15          1/6            3/2            17/10          13/24          
[0,0,0,0,0,2,1,1,0,0,0,0,1,1,0,0]     28/15          31/15          1/6            3/2            17/10          13/24          
[0,0,0,0,0,2,1,1,0,0,1,1,0,0,0,0]     28/15          31/15          1/6            3/2            17/10          13/24          
[0,0,0,0,0,2,1,1,1,1,0,0,0,0,0,0]     28/15          31/15          1/6            3/2            17/10          13/24          
[0,0,0,0,0,2,2,0,0,0,0,0,0,0,0,0]     28/15          31/15          2/15           23/15          26/15          31/60          
[0,0,0,0,1,1,0,0,0,0,0,0,0,0,1,1]     16/15          31/15          1/10           23/30          53/30          7/24           
[0,0,0,0,1,1,0,0,0,0,0,0,0,2,1,1]     28/15          31/15          1/6            3/2            17/10          13/24          
[0,0,0,0,1,1,0,0,0,0,0,0,1,1,0,0]     16/15          31/15          1/10           23/30          53/30          7/24           
[0,0,0,0,1,1,0,0,0,0,0,0,1,1,0,2]     28/15          31/15          1/6            3/2            17/10          13/24          
[0,0,0,0,1,1,0,0,0,0,0,0,1,1,2,0]     28/15          31/15          1/6            3/2            17/10          13/24          
[0,0,0,0,1,1,0,0,0,0,0,0,1,1,2,2]     31/15          31/15          7/30           49/30          49/30          77/120         
[0,0,0,0,1,1,0,0,0,0,0,0,2,0,1,1]     28/15          31/15          1/6            3/2            17/10          13/24          
[0,0,0,0,1,1,0,0,0,0,0,0,2,2,1,1]     31/15          31/15          7/30           49/30          49/30          77/120         
[0,0,0,0,1,1,0,0,0,0,0,2,0,0,1,1]     28/15          31/15          1/6            3/2            17/10          13/24          
[0,0,0,0,1,1,0,0,0,0,0,2,1,1,0,0]     28/15          31/15          1/6            3/2            17/10          13/24          
[0,0,0,0,1,1,0,0,0,0,1,1,0,0,0,0]     16/15          31/15          1/10           23/30          53/30          7/24           
[0,0,0,0,1,1,0,0,0,0,1,1,0,0,0,2]     28/15          31/15          1/6            3/2            17/10          13/24          
[0,0,0,0,1,1,0,0,0,0,1,1,0,0,2,0]     28/15          31/15          1/6            3/2            17/10          13/24          
[0,0,0,0,1,1,0,0,0,0,1,1,0,0,2,2]     31/15          31/15          7/30           49/30          49/30          77/120         
[0,0,0,0,1,1,0,0,0,0,1,1,0,2,0,0]     28/15          31/15          1/6            3/2            17/10          13/24          
[0,0,0,0,1,1,0,0,0,0,1,1,1,1,1,1]     28/15          31/15          1/5            22/15          5/3            17/30          
[0,0,0,0,1,1,0,0,0,0,1,1,2,0,0,0]     28/15          31/15          1/6            3/2            17/10          13/24          
[0,0,0,0,1,1,0,0,0,0,1,1,2,2,0,0]     31/15          31/15          7/30           49/30          49/30          77/120         
[0,0,0,0,1,1,0,0,0,0,2,0,0,0,1,1]     28/15          31/15          1/6            3/2            17/10          13/24          
[0,0,0,0,1,1,0,0,0,0,2,0,1,1,0,0]     28/15          31/15          1/6            3/2            17/10          13/24          
[0,0,0,0,1,1,0,0,0,0,2,2,0,0,1,1]     31/15          31/15          7/30           49/30          49/30          77/120         
[0,0,0,0,1,1,0,0,0,0,2,2,1,1,0,0]     31/15          31/15          7/30           49/30          49/30          77/120         
[0,0,0,0,1,1,0,0,0,2,0,0,0,0,1,1]     28/15          31/15          1/6            3/2            17/10          13/24          
[0,0,0,0,1,1,0,0,0,2,0,0,1,1,0,0]     28/15          31/15          1/6            3/2            17/10          13/24          
[0,0,0,0,1,1,0,0,0,2,1,1,0,0,0,0]     28/15          31/15          1/6            3/2            17/10          13/24          
[0,0,0,0,1,1,0,0,1,1,0,0,0,0,0,0]     16/15          31/15          1/10           23/30          53/30          7/24           
[0,0,0,0,1,1,0,0,1,1,0,0,0,0,0,2]     28/15          31/15          1/6            3/2            17/10          13/24          
[0,0,0,0,1,1,0,0,1,1,0,0,0,0,2,0]     28/15          31/15          1/6            3/2            17/10          13/24          
[0,0,0,0,1,1,0,0,1,1,0,0,0,0,2,2]     31/15          31/15          7/30           49/30          49/30          77/120         
[0,0,0,0,1,1,0,0,1,1,0,0,0,2,0,0]     28/15          31/15          1/6            3/2            17/10          13/24          
[0,0,0,0,1,1,0,0,1,1,0,0,1,1,1,1]     28/15          31/15          1/5            22/15          5/3            17/30          
[0,0,0,0,1,1,0,0,1,1,0,0,2,0,0,0]     28/15          31/15          1/6            3/2            17/10          13/24          
[0,0,0,0,1,1,0,0,1,1,0,0,2,2,0,0]     31/15          31/15          7/30           49/30          49/30          77/120         
[0,0,0,0,1,1,0,0,1,1,0,2,0,0,0,0]     28/15          31/15          1/6            3/2            17/10          13/24          
[0,0,0,0,1,1,0,0,1,1,1,1,0,0,1,1]     28/15          31/15          1/5            22/15          5/3            17/30          
[0,0,0,0,1,1,0,0,1,1,1,1,1,1,0,0]     28/15          31/15          1/5            22/15          5/3            17/30          
[0,0,0,0,1,1,0,0,1,1,2,0,0,0,0,0]     28/15          31/15          1/6            3/2            17/10          13/24          
[0,0,0,0,1,1,0,0,1,1,2,2,0,0,0,0]     31/15          31/15          7/30           49/30          49/30          77/120         
[0,0,0,0,1,1,0,0,2,0,0,0,0,0,1,1]     28/15          31/15          1/6            3/2            17/10          13/24          
[0,0,0,0,1,1,0,0,2,0,0,0,1,1,0,0]     28/15          31/15          1/6            3/2            17/10          13/24          
[0,0,0,0,1,1,0,0,2,0,1,1,0,0,0,0]     28/15          31/15          1/6            3/2            17/10          13/24          
[0,0,0,0,1,1,0,0,2,2,0,0,0,0,1,1]     31/15          31/15          7/30           49/30          49/30          77/120         
[0,0,0,0,1,1,0,0,2,2,0,0,1,1,0,0]     31/15          31/15          7/30           49/30          49/30          77/120         
[0,0,0,0,1,1,0,0,2,2,1,1,0,0,0,0]     31/15          31/15          7/30           49/30          49/30          77/120         
[0,0,0,0,1,1,0,2,0,0,0,0,0,0,1,1]     28/15          31/15          1/6            3/2            17/10          13/24          
[0,0,0,0,1,1,0,2,0,0,0,0,1,1,0,0]     28/15          31/15          1/6            3/2            17/10          13/24          
[0,0,0,0,1,1,0,2,0,0,1,1,0,0,0,0]     28/15          31/15          1/6            3/2            17/10          13/24          
[0,0,0,0,1,1,0,2,1,1,0,0,0,0,0,0]     28/15          31/15          1/6            3/2            17/10          13/24          
[0,0,0,0,1,1,1,1,0,0,0,0,0,0,0,0]     16/15          31/15          1/10           23/30          53/30          7/24           
[0,0,0,0,1,1,1,1,0,0,0,0,0,0,0,2]     28/15          31/15          1/6            3/2            17/10          13/24          
[0,0,0,0,1,1,1,1,0,0,0,0,0,0,2,0]     28/15          31/15          1/6            3/2            17/10          13/24          
[0,0,0,0,1,1,1,1,0,0,0,0,0,0,2,2]     31/15          31/15          7/30           49/30          49/30          77/120         
[0,0,0,0,1,1,1,1,0,0,0,0,0,2,0,0]     28/15          31/15          1/6            3/2            17/10          13/24          
[0,0,0,0,1,1,1,1,0,0,0,0,1,1,1,1]     28/15          31/15          1/5            22/15          5/3            17/30          
[0,0,0,0,1,1,1,1,0,0,0,0,2,0,0,0]     28/15          31/15          1/6            3/2            17/10          13/24          
[0,0,0,0,1,1,1,1,0,0,0,0,2,2,0,0]     31/15          31/15          7/30           49/30          49/30          77/120         
[0,0,0,0,1,1,1,1,0,0,0,2,0,0,0,0]     28/15          31/15          1/6            3/2            17/10          13/24          
[0,0,0,0,1,1,1,1,0,0,1,1,0,0,1,1]     28/15          31/15          1/5            22/15          5/3            17/30          
[0,0,0,0,1,1,1,1,0,0,1,1,1,1,0,0]     28/15          31/15          1/5            22/15          5/3            17/30          
[0,0,0,0,1,1,1,1,0,0,2,0,0,0,0,0]     28/15          31/15          1/6            3/2            17/10          13/24          
[0,0,0,0,1,1,1,1,0,0,2,2,0,0,0,0]     31/15          31/15          7/30           49/30          49/30          77/120         
[0,0,0,0,1,1,1,1,0,2,0,0,0,0,0,0]     28/15          31/15          1/6            3/2            17/10          13/24          
[0,0,0,0,1,1,1,1,1,1,0,0,0,0,1,1]     28/15          31/15          1/5            22/15          5/3            17/30          
[0,0,0,0,1,1,1,1,1,1,0,0,1,1,0,0]     28/15          31/15          1/5            22/15          5/3            17/30          
[0,0,0,0,1,1,1,1,1,1,1,1,0,0,0,0]     28/15          31/15          1/5            22/15          5/3            17/30          
[0,0,0,0,1,1,1,1,2,0,0,0,0,0,0,0]     28/15          31/15          1/6            3/2            17/10          13/24          
[0,0,0,0,1,1,1,1,2,2,0,0,0,0,0,0]     31/15          31/15          7/30           49/30          49/30          77/120         
[0,0,0,0,1,1,2,0,0,0,0,0,0,0,1,1]     28/15          31/15          1/6            3/2            17/10          13/24          
[0,0,0,0,1,1,2,0,0,0,0,0,1,1,0,0]     28/15          31/15          1/6            3/2            17/10          13/24          
[0,0,0,0,1,1,2,0,0,0,1,1,0,0,0,0]     28/15          31/15          1/6            3/2            17/10          13/24          
[0,0,0,0,1,1,2,0,1,1,0,0,0,0,0,0]     28/15          31/15          1/6            3/2            17/10          13/24          
[0,0,0,0,1,1,2,2,0,0,0,0,0,0,1,1]     31/15          31/15          7/30           49/30          49/30          77/120         
[0,0,0,0,1,1,2,2,0,0,0,0,1,1,0,0]     31/15          31/15          7/30           49/30          49/30          77/120         
[0,0,0,0,1,1,2,2,0,0,1,1,0,0,0,0]     31/15          31/15          7/30           49/30          49/30          77/120         
[0,0,0,0,1,1,2,2,1,1,0,0,0,0,0,0]     31/15          31/15          7/30           49/30          49/30          77/120         
[0,0,0,0,2,0,0,0,0,0,0,0,0,0,0,2]     28/15          31/15          2/15           23/15          26/15          31/60          
[0,0,0,0,2,0,0,0,0,0,0,0,0,0,2,0]     28/15          31/15          2/15           23/15          26/15          31/60          
[0,0,0,0,2,0,0,0,0,0,0,0,0,2,0,0]     28/15          31/15          2/15           23/15          26/15          31/60          
[0,0,0,0,2,0,0,0,0,0,0,0,1,1,1,1]     28/15          31/15          1/6            3/2            17/10          13/24          
[0,0,0,0,2,0,0,0,0,0,0,0,2,0,0,0]     28/15          31/15          2/15           23/15          26/15          31/60          
[0,0,0,0,2,0,0,0,0,0,0,2,0,0,0,0]     28/15          31/15          2/15           23/15          26/15          31/60          
[0,0,0,0,2,0,0,0,0,0,1,1,0,0,1,1]     28/15          31/15          1/6            3/2            17/10          13/24          
[0,0,0,0,2,0,0,0,0,0,1,1,1,1,0,0]     28/15          31/15          1/6            3/2            17/10          13/24          
[0,0,0,0,2,0,0,0,0,0,2,0,0,0,0,0]     28/15          31/15          2/15           23/15          26/15          31/60          
[0,0,0,0,2,0,0,0,0,2,0,0,0,0,0,0]     28/15          31/15          2/15           23/15          26/15          31/60          
[0,0,0,0,2,0,0,0,1,1,0,0,0,0,1,1]     28/15          31/15          1/6            3/2            17/10          13/24          
[0,0,0,0,2,0,0,0,1,1,0,0,1,1,0,0]     28/15          31/15          1/6            3/2            17/10          13/24          
[0,0,0,0,2,0,0,0,1,1,1,1,0,0,0,0]     28/15          31/15          1/6            3/2            17/10          13/24          
[0,0,0,0,2,0,0,0,2,0,0,0,0,0,0,0]     28/15          31/15          2/15           23/15          26/15          31/60          
[0,0,0,0,2,0,0,2,0,0,0,0,0,0,0,0]     28/15          31/15          2/15           23/15          26/15          31/60          
[0,0,0,0,2,0,1,1,0,0,0,0,0,0,1,1]     28/15          31/15          1/6            3/2            17/10          13/24          
[0,0,0,0,2,0,1,1,0,0,0,0,1,1,0,0]     28/15          31/15          1/6            3/2            17/10          13/24          
[0,0,0,0,2,0,1,1,0,0,1,1,0,0,0,0]     28/15          31/15          1/6            3/2            17/10          13/24          
[0,0,0,0,2,0,1,1,1,1,0,0,0,0,0,0]     28/15          31/15          1/6            3/2            17/10          13/24          
[0,0,0,0,2,0,2,0,0,0,0,0,0,0,0,0]     28/15          31/15          2/15           23/15          26/15          31/60          
[0,0,0,0,2,2,0,0,0,0,0,0,0,0,0,0]     16/15          31/15          2/15           11/15          26/15          19/60          
[0,0,0,0,2,2,0,0,0,0,0,0,0,0,2,2]     31/15          31/15          4/15           8/5            8/5            2/3            
[0,0,0,0,2,2,0,0,0,0,0,0,1,1,1,1]     31/15          31/15          7/30           49/30          49/30          77/120         
[0,0,0,0,2,2,0,0,0,0,0,0,2,2,0,0]     31/15          31/15          4/15           8/5            8/5            2/3            
[0,0,0,0,2,2,0,0,0,0,1,1,0,0,1,1]     31/15          31/15          7/30           49/30          49/30          77/120         
[0,0,0,0,2,2,0,0,0,0,1,1,1,1,0,0]     31/15          31/15          7/30           49/30          49/30          77/120         
[0,0,0,0,2,2,0,0,0,0,2,2,0,0,0,0]     31/15          31/15          4/15           8/5            8/5            2/3            
[0,0,0,0,2,2,0,0,1,1,0,0,0,0,1,1]     31/15          31/15          7/30           49/30          49/30          77/120         
[0,0,0,0,2,2,0,0,1,1,0,0,1,1,0,0]     31/15          31/15          7/30           49/30          49/30          77/120         
[0,0,0,0,2,2,0,0,1,1,1,1,0,0,0,0]     31/15          31/15          7/30           49/30          49/30          77/120         
[0,0,0,0,2,2,0,0,2,2,0,0,0,0,0,0]     31/15          31/15          4/15           8/5            8/5            2/3            
[0,0,0,0,2,2,1,1,0,0,0,0,0,0,1,1]     31/15          31/15          7/30           49/30          49/30          77/120         
[0,0,0,0,2,2,1,1,0,0,0,0,1,1,0,0]     31/15          31/15          7/30           49/30          49/30          77/120         
[0,0,0,0,2,2,1,1,0,0,1,1,0,0,0,0]     31/15          31/15          7/30           49/30          49/30          77/120         
[0,0,0,0,2,2,1,1,1,1,0,0,0,0,0,0]     31/15          31/15          7/30           49/30          49/30          77/120         
[0,0,0,0,2,2,2,2,0,0,0,0,0,0,0,0]     31/15          31/15          4/15           8/5            8/5            2/3            
[0,0,0,2,0,0,0,0,0,0,0,0,0,0,0,2]     28/15          31/15          2/15           23/15          26/15          31/60          
[0,0,0,2,0,0,0,0,0,0,0,0,0,0,2,0]     28/15          31/15          2/15           23/15          26/15          31/60          
[0,0,0,2,0,0,0,0,0,0,0,0,0,2,0,0]     28/15          31/15          2/15           23/15          26/15          31/60          
[0,0,0,2,0,0,0,0,0,0,0,0,1,1,1,1]     28/15          31/15          1/6            3/2            17/10          13/24          
[0,0,0,2,0,0,0,0,0,0,0,0,2,0,0,0]     28/15          31/15          2/15           23/15          26/15          31/60          
[0,0,0,2,0,0,0,0,0,0,0,2,0,0,0,0]     28/15          31/15          2/15           23/15          26/15          31/60          
[0,0,0,2,0,0,0,0,0,0,1,1,0,0,1,1]     28/15          31/15          1/6            3/2            17/10          13/24          
[0,0,0,2,0,0,0,0,0,0,1,1,1,1,0,0]     28/15          31/15          1/6            3/2            17/10          13/24          
[0,0,0,2,0,0,0,0,0,0,2,0,0,0,0,0]     28/15          31/15          2/15           23/15          26/15          31/60          
[0,0,0,2,0,0,0,0,0,2,0,0,0,0,0,0]     28/15          31/15          2/15           23/15          26/15          31/60          
[0,0,0,2,0,0,0,0,1,1,0,0,0,0,1,1]     28/15          31/15          1/6            3/2            17/10          13/24          
[0,0,0,2,0,0,0,0,1,1,0,0,1,1,0,0]     28/15          31/15          1/6            3/2            17/10          13/24          
[0,0,0,2,0,0,0,0,1,1,1,1,0,0,0,0]     28/15          31/15          1/6            3/2            17/10          13/24          
[0,0,0,2,0,0,0,0,2,0,0,0,0,0,0,0]     28/15          31/15          2/15           23/15          26/15          31/60          
[0,0,0,2,0,0,0,2,0,0,0,0,0,0,0,0]     28/15          31/15          2/15           23/15          26/15          31/60          
[0,0,0,2,0,0,1,1,0,0,0,0,0,0,1,1]     28/15          31/15          1/6            3/2            17/10          13/24          
[0,0,0,2,0,0,1,1,0,0,0,0,1,1,0,0]     28/15          31/15          1/6            3/2            17/10          13/24          
[0,0,0,2,0,0,1,1,0,0,1,1,0,0,0,0]     28/15          31/15          1/6            3/2            17/10          13/24          
[0,0,0,2,0,0,1,1,1,1,0,0,0,0,0,0]     28/15          31/15          1/6            3/2            17/10          13/24          
[0,0,0,2,0,0,2,0,0,0,0,0,0,0,0,0]     28/15          31/15          2/15           23/15          26/15          31/60          
[0,0,0,2,0,2,0,0,0,0,0,0,0,0,0,0]     28/15          31/15          2/15           23/15          26/15          31/60          
[0,0,0,2,1,1,0,0,0,0,0,0,0,0,1,1]     28/15          31/15          1/6            3/2            17/10          13/24          
[0,0,0,2,1,1,0,0,0,0,0,0,1,1,0,0]     28/15          31/15          1/6            3/2            17/10          13/24          
[0,0,0,2,1,1,0,0,0,0,1,1,0,0,0,0]     28/15          31/15          1/6            3/2            17/10          13/24          
[0,0,0,2,1,1,0,0,1,1,0,0,0,0,0,0]     28/15          31/15          1/6            3/2            17/10          13/24          
[0,0,0,2,1,1,1,1,0,0,0,0,0,0,0,0]     28/15          31/15          1/6            3/2            17/10          13/24          
[0,0,0,2,2,0,0,0,0,0,0,0,0,0,0,0]     28/15          31/15          2/15           23/15          26/15          31/60          
[0,0,1,1,0,0,0,0,0,0,0,0,0,0,1,1]     16/15          31/15          1/10           23/30          53/30          7/24           
[0,0,1,1,0,0,0,0,0,0,0,0,0,2,1,1]     28/15          31/15          1/6            3/2            17/10          13/24          
[0,0,1,1,0,0,0,0,0,0,0,0,1,1,0,0]     16/15          31/15          1/10           23/30          53/30          7/24           
[0,0,1,1,0,0,0,0,0,0,0,0,1,1,0,2]     28/15          31/15          1/6            3/2            17/10          13/24          
[0,0,1,1,0,0,0,0,0,0,0,0,1,1,2,0]     28/15          31/15          1/6            3/2            17/10          13/24          
[0,0,1,1,0,0,0,0,0,0,0,0,1,1,2,2]     31/15          31/15          7/30           49/30          49/30          77/120         
[0,0,1,1,0,0,0,0,0,0,0,0,2,0,1,1]     28/15          31/15          1/6            3/2            17/10          13/24          
[0,0,1,1,0,0,0,0,0,0,0,0,2,2,1,1]     31/15          31/15          7/30           49/30          49/30          77/120         
[0,0,1,1,0,0,0,0,0,0,0,2,0,0,1,1]     28/15          31/15          1/6            3/2            17/10          13/24          
[0,0,1,1,0,0,0,0,0,0,0,2,1,1,0,0]     28/15          31/15          1/6            3/2            17/10          13/24          
[0,0,1,1,0,0,0,0,0,0,1,1,0,0,0,0]     16/15          31/15          1/10           23/30          53/30          7/24           
[0,0,1,1,0,0,0,0,0,0,1,1,0,0,0,2]     28/15          31/15          1/6            3/2            17/10          13/24          
[0,0,1,1,0,0,0,0,0,0,1,1,0,0,2,0]     28/15          31/15          1/6            3/2            17/10          13/24          
[0,0,1,1,0,0,0,0,0,0,1,1,0,0,2,2]     31/15          31/15          7/30           49/30          49/30          77/120         
[0,0,1,1,0,0,0,0,0,0,1,1,0,2,0,0]     28/15          31/15          1/6            3/2            17/10          13/24          
[0,0,1,1,0,0,0,0,0,0,1,1,1,1,1,1]     28/15          31/15          1/5            22/15          5/3            17/30          
[0,0,1,1,0,0,0,0,0,0,1,1,2,0,0,0]     28/15          31/15          1/6            3/2            17/10          13/24          
[0,0,1,1,0,0,0,0,0,0,1,1,2,2,0,0]     31/15          31/15          7/30           49/30          49/30          77/120         
[0,0,1,1,0,0,0,0,0,0,2,0,0,0,1,1]     28/15          31/15          1/6            3/2            17/10          13/24          
[0,0,1,1,0,0,0,0,0,0,2,0,1,1,0,0]     28/15          31/15          1/6            3/2            17/10          13/24          
[0,0,1,1,0,0,0,0,0,0,2,2,0,0,1,1]     31/15          31/15          7/30           49/30          49/30          77/120         
[0,0,1,1,0,0,0,0,0,0,2,2,1,1,0,0]     31/15          31/15          7/30           49/30          49/30          77/120         
[0,0,1,1,0,0,0,0,0,2,0,0,0,0,1,1]     28/15          31/15          1/6            3/2            17/10          13/24          
[0,0,1,1,0,0,0,0,0,2,0,0,1,1,0,0]     28/15          31/15          1/6            3/2            17/10          13/24          
[0,0,1,1,0,0,0,0,0,2,1,1,0,0,0,0]     28/15          31/15          1/6            3/2            17/10          13/24          
[0,0,1,1,0,0,0,0,1,1,0,0,0,0,0,0]     16/15          31/15          1/10           23/30          53/30          7/24           
[0,0,1,1,0,0,0,0,1,1,0,0,0,0,0,2]     28/15          31/15          1/6            3/2            17/10          13/24          
[0,0,1,1,0,0,0,0,1,1,0,0,0,0,2,0]     28/15          31/15          1/6            3/2            17/10          13/24          
[0,0,1,1,0,0,0,0,1,1,0,0,0,0,2,2]     31/15          31/15          7/30           49/30          49/30          77/120         
[0,0,1,1,0,0,0,0,1,1,0,0,0,2,0,0]     28/15          31/15          1/6            3/2            17/10          13/24          
[0,0,1,1,0,0,0,0,1,1,0,0,1,1,1,1]     28/15          31/15          1/5            22/15          5/3            17/30          
[0,0,1,1,0,0,0,0,1,1,0,0,2,0,0,0]     28/15          31/15          1/6            3/2            17/10          13/24          
[0,0,1,1,0,0,0,0,1,1,0,0,2,2,0,0]     31/15          31/15          7/30           49/30          49/30          77/120         
[0,0,1,1,0,0,0,0,1,1,0,2,0,0,0,0]     28/15          31/15          1/6            3/2            17/10          13/24          
[0,0,1,1,0,0,0,0,1,1,1,1,0,0,1,1]     28/15          31/15          1/5            22/15          5/3            17/30          
[0,0,1,1,0,0,0,0,1,1,1,1,1,1,0,0]     28/15          31/15          1/5            22/15          5/3            17/30          
[0,0,1,1,0,0,0,0,1,1,2,0,0,0,0,0]     28/15          31/15          1/6            3/2            17/10          13/24          
[0,0,1,1,0,0,0,0,1,1,2,2,0,0,0,0]     31/15          31/15          7/30           49/30          49/30          77/120         
[0,0,1,1,0,0,0,0,2,0,0,0,0,0,1,1]     28/15          31/15          1/6            3/2            17/10          13/24          
[0,0,1,1,0,0,0,0,2,0,0,0,1,1,0,0]     28/15          31/15          1/6            3/2            17/10          13/24          
[0,0,1,1,0,0,0,0,2,0,1,1,0,0,0,0]     28/15          31/15          1/6            3/2            17/10          13/24          
[0,0,1,1,0,0,0,0,2,2,0,0,0,0,1,1]     31/15          31/15          7/30           49/30          49/30          77/120         
[0,0,1,1,0,0,0,0,2,2,0,0,1,1,0,0]     31/15          31/15          7/30           49/30          49/30          77/120         
[0,0,1,1,0,0,0,0,2,2,1,1,0,0,0,0]     31/15          31/15          7/30           49/30          49/30          77/120         
[0,0,1,1,0,0,0,2,0,0,0,0,0,0,1,1]     28/15          31/15          1/6            3/2            17/10          13/24          
[0,0,1,1,0,0,0,2,0,0,0,0,1,1,0,0]     28/15          31/15          1/6            3/2            17/10          13/24          
[0,0,1,1,0,0,0,2,0,0,1,1,0,0,0,0]     28/15          31/15          1/6            3/2            17/10          13/24          
[0,0,1,1,0,0,0,2,1,1,0,0,0,0,0,0]     28/15          31/15          1/6            3/2            17/10          13/24          
[0,0,1,1,0,0,1,1,0,0,0,0,0,0,0,0]     16/15          31/15          1/10           23/30          53/30          7/24           
[0,0,1,1,0,0,1,1,0,0,0,0,0,0,0,2]     28/15          31/15          1/6            3/2            17/10          13/24          
[0,0,1,1,0,0,1,1,0,0,0,0,0,0,2,0]     28/15          31/15          1/6            3/2            17/10          13/24          
[0,0,1,1,0,0,1,1,0,0,0,0,0,0,2,2]     31/15          31/15          7/30           49/30          49/30          77/120         
[0,0,1,1,0,0,1,1,0,0,0,0,0,2,0,0]     28/15          31/15          1/6            3/2            17/10          13/24          
[0,0,1,1,0,0,1,1,0,0,0,0,1,1,1,1]     28/15          31/15          1/5            22/15          5/3            17/30          
[0,0,1,1,0,0,1,1,0,0,0,0,2,0,0,0]     28/15          31/15          1/6            3/2            17/10          13/24          
[0,0,1,1,0,0,1,1,0,0,0,0,2,2,0,0]     31/15          31/15          7/30           49/30          49/30          77/120         
[0,0,1,1,0,0,1,1,0,0,0,2,0,0,0,0]     28/15          31/15          1/6            3/2            17/10          13/24          
[0,0,1,1,0,0,1,1,0,0,1,1,0,0,1,1]     28/15          31/15          1/5            22/15          5/3            17/30          
[0,0,1,1,0,0,1,1,0,0,1,1,1,1,0,0]     28/15          31/15          1/5            22/15          5/3            17/30          
[0,0,1,1,0,0,1,1,0,0,2,0,0,0,0,0]     28/15          31/15          1/6            3/2            17/10          13/24          
[0,0,1,1,0,0,1,1,0,0,2,2,0,0,0,0]     31/15          31/15          7/30           49/30          49/30          77/120         
[0,0,1,1,0,0,1,1,0,2,0,0,0,0,0,0]     28/15          31/15          1/6            3/2            17/10          13/24          
[0,0,1,1,0,0,1,1,1,1,0,0,0,0,1,1]     28/15          31/15          1/5            22/15          5/3            17/30          
[0,0,1,1,0,0,1,1,1,1,0,0,1,1,0,0]     28/15          31/15          1/5            22/15          5/3            17/30          
[0,0,1,1,0,0,1,1,1,1,1,1,0,0,0,0]     28/15          31/15          1/5            22/15          5/3            17/30          
[0,0,1,1,0,0,1,1,2,0,0,0,0,0,0,0]     28/15          31/15          1/6            3/2            17/10          13/24          
[0,0,1,1,0,0,1,1,2,2,0,0,0,0,0,0]     31/15          31/15          7/30           49/30          49/30          77/120         
[0,0,1,1,0,0,2,0,0,0,0,0,0,0,1,1]     28/15          31/15          1/6            3/2            17/10          13/24          
[0,0,1,1,0,0,2,0,0,0,0,0,1,1,0,0]     28/15          31/15          1/6            3/2            17/10          13/24          
[0,0,1,1,0,0,2,0,0,0,1,1,0,0,0,0]     28/15          31/15          1/6            3/2            17/10          13/24          
[0,0,1,1,0,0,2,0,1,1,0,0,0,0,0,0]     28/15          31/15          1/6            3/2            17/10          13/24          
[0,0,1,1,0,0,2,2,0,0,0,0,0,0,1,1]     31/15          31/15          7/30           49/30          49/30          77/120         
[0,0,1,1,0,0,2,2,0,0,0,0,1,1,0,0]     31/15          31/15          7/30           49/30          49/30          77/120         
[0,0,1,1,0,0,2,2,0,0,1,1,0,0,0,0]     31/15          31/15          7/30           49/30          49/30          77/120         
[0,0,1,1,0,0,2,2,1,1,0,0,0,0,0,0]     31/15          31/15          7/30           49/30          49/30          77/120         
[0,0,1,1,0,2,0,0,0,0,0,0,0,0,1,1]     28/15          31/15          1/6            3/2            17/10          13/24          
[0,0,1,1,0,2,0,0,0,0,0,0,1,1,0,0]     28/15          31/15          1/6            3/2            17/10          13/24          
[0,0,1,1,0,2,0,0,0,0,1,1,0,0,0,0]     28/15          31/15          1/6            3/2            17/10          13/24          
[0,0,1,1,0,2,0,0,1,1,0,0,0,0,0,0]     28/15          31/15          1/6            3/2            17/10          13/24          
[0,0,1,1,0,2,1,1,0,0,0,0,0,0,0,0]     28/15          31/15          1/6            3/2            17/10          13/24          
[0,0,1,1,1,1,0,0,0,0,0,0,0,0,0,0]     16/15          31/15          1/10           23/30          53/30          7/24           
[0,0,1,1,1,1,0,0,0,0,0,0,0,0,0,2]     28/15          31/15          1/6            3/2            17/10          13/24          
[0,0,1,1,1,1,0,0,0,0,0,0,0,0,2,0]     28/15          31/15          1/6            3/2            17/10          13/24          
[0,0,1,1,1,1,0,0,0,0,0,0,0,0,2,2]     31/15          31/15          7/30           49/30          49/30          77/120         
[0,0,1,1,1,1,0,0,0,0,0,0,0,2,0,0]     28/15          31/15          1/6            3/2            17/10          13/24          
[0,0,1,1,1,1,0,0,0,0,0,0,1,1,1,1]     28/15          31/15          1/5            22/15          5/3            17/30          
[0,0,1,1,1,1,0,0,0,0,0,0,2,0,0,0]     28/15          31/15          1/6            3/2            17/10          13/24          
[0,0,1,1,1,1,0,0,0,0,0,0,2,2,0,0]     31/15          31/15          7/30           49/30          49/30          77/120         
[0,0,1,1,1,1,0,0,0,0,0,2,0,0,0,0]     28/15          31/15          1/6            3/2            17/10          13/24          
[0,0,1,1,1,1,0,0,0,0,1,1,0,0,1,1]     28/15          31/15          1/5            22/15          5/3            17/30          
[0,0,1,1,1,1,0,0,0,0,1,1,1,1,0,0]     28/15          31/15          1/5            22/15          5/3            17/30          
[0,0,1,1,1,1,0,0,0,0,2,0,0,0,0,0]     28/15          31/15          1/6            3/2            17/10          13/24          
[0,0,1,1,1,1,0,0,0,0,2,2,0,0,0,0]     31/15          31/15          7/30           49/30          49/30          77/120         
[0,0,1,1,1,1,0,0,0,2,0,0,0,0,0,0]     28/15          31/15          1/6            3/2            17/10          13/24          
[0,0,1,1,1,1,0,0,1,1,0,0,0,0,1,1]     28/15          31/15          1/5            22/15          5/3            17/30          
[0,0,1,1,1,1,0,0,1,1,0,0,1,1,0,0]     28/15          31/15          1/5            22/15          5/3            17/30          
[0,0,1,1,1,1,0,0,1,1,1,1,0,0,0,0]     28/15          31/15          1/5            22/15          5/3            17/30          
[0,0,1,1,1,1,0,0,2,0,0,0,0,0,0,0]     28/15          31/15          1/6            3/2            17/10          13/24          
[0,0,1,1,1,1,0,0,2,2,0,0,0,0,0,0]     31/15          31/15          7/30           49/30          49/30          77/120         
[0,0,1,1,1,1,0,2,0,0,0,0,0,0,0,0]     28/15          31/15          1/6            3/2            17/10          13/24          
[0,0,1,1,1,1,1,1,0,0,0,0,0,0,1,1]     28/15          31/15          1/5            22/15          5/3            17/30          
[0,0,1,1,1,1,1,1,0,0,0,0,1,1,0,0]     28/15          31/15          1/5            22/15          5/3            17/30          
[0,0,1,1,1,1,1,1,0,0,1,1,0,0,0,0]     28/15          31/15          1/5            22/15          5/3            17/30          
[0,0,1,1,1,1,1,1,1,1,0,0,0,0,0,0]     28/15          31/15          1/5            22/15          5/3            17/30          
[0,0,1,1,1,1,2,0,0,0,0,0,0,0,0,0]     28/15          31/15          1/6            3/2            17/10          13/24          
[0,0,1,1,1,1,2,2,0,0,0,0,0,0,0,0]     31/15          31/15          7/30           49/30          49/30          77/120         
[0,0,1,1,2,0,0,0,0,0,0,0,0,0,1,1]     28/15          31/15          1/6            3/2            17/10          13/24          
[0,0,1,1,2,0,0,0,0,0,0,0,1,1,0,0]     28/15          31/15          1/6            3/2            17/10          13/24          
[0,0,1,1,2,0,0,0,0,0,1,1,0,0,0,0]     28/15          31/15          1/6            3/2            17/10          13/24          
[0,0,1,1,2,0,0,0,1,1,0,0,0,0,0,0]     28/15          31/15          1/6            3/2            17/10          13/24          
[0,0,1,1,2,0,1,1,0,0,0,0,0,0,0,0]     28/15          31/15          1/6            3/2            17/10          13/24          
[0,0,1,1,2,2,0,0,0,0,0,0,0,0,1,1]     31/15          31/15          7/30           49/30          49/30          77/120         
[0,0,1,1,2,2,0,0,0,0,0,0,1,1,0,0]     31/15          31/15          7/30           49/30          49/30          77/120         
[0,0,1,1,2,2,0,0,0,0,1,1,0,0,0,0]     31/15          31/15          7/30           49/30          49/30          77/120         
[0,0,1,1,2,2,0,0,1,1,0,0,0,0,0,0]     31/15          31/15          7/30           49/30          49/30          77/120         
[0,0,1,1,2,2,1,1,0,0,0,0,0,0,0,0]     31/15          31/15          7/30           49/30          49/30          77/120         
[0,0,2,0,0,0,0,0,0,0,0,0,0,0,0,2]     28/15          31/15          2/15           23/15          26/15          31/60          
[0,0,2,0,0,0,0,0,0,0,0,0,0,0,2,0]     28/15          31/15          2/15           23/15          26/15          31/60          
[0,0,2,0,0,0,0,0,0,0,0,0,0,2,0,0]     28/15          31/15          2/15           23/15          26/15          31/60          
[0,0,2,0,0,0,0,0,0,0,0,0,1,1,1,1]     28/15          31/15          1/6            3/2            17/10          13/24          
[0,0,2,0,0,0,0,0,0,0,0,0,2,0,0,0]     28/15          31/15          2/15           23/15          26/15          31/60          
[0,0,2,0,0,0,0,0,0,0,0,2,0,0,0,0]     28/15          31/15          2/15           23/15          26/15          31/60          
[0,0,2,0,0,0,0,0,0,0,1,1,0,0,1,1]     28/15          31/15          1/6            3/2            17/10          13/24          
[0,0,2,0,0,0,0,0,0,0,1,1,1,1,0,0]     28/15          31/15          1/6            3/2            17/10          13/24          
[0,0,2,0,0,0,0,0,0,0,2,0,0,0,0,0]     28/15          31/15          2/15           23/15          26/15          31/60          
[0,0,2,0,0,0,0,0,0,2,0,0,0,0,0,0]     28/15          31/15          2/15           23/15          26/15          31/60          
[0,0,2,0,0,0,0,0,1,1,0,0,0,0,1,1]     28/15          31/15          1/6            3/2            17/10          13/24          
[0,0,2,0,0,0,0,0,1,1,0,0,1,1,0,0]     28/15          31/15          1/6            3/2            17/10          13/24          
[0,0,2,0,0,0,0,0,1,1,1,1,0,0,0,0]     28/15          31/15          1/6            3/2            17/10          13/24          
[0,0,2,0,0,0,0,0,2,0,0,0,0,0,0,0]     28/15          31/15          2/15           23/15          26/15          31/60          
[0,0,2,0,0,0,0,2,0,0,0,0,0,0,0,0]     28/15          31/15          2/15           23/15          26/15          31/60          
[0,0,2,0,0,0,1,1,0,0,0,0,0,0,1,1]     28/15          31/15          1/6            3/2            17/10          13/24          
[0,0,2,0,0,0,1,1,0,0,0,0,1,1,0,0]     28/15          31/15          1/6            3/2            17/10          13/24          
[0,0,2,0,0,0,1,1,0,0,1,1,0,0,0,0]     28/15          31/15          1/6            3/2            17/10          13/24          
[0,0,2,0,0,0,1,1,1,1,0,0,0,0,0,0]     28/15          31/15          1/6            3/2            17/10          13/24          
[0,0,2,0,0,0,2,0,0,0,0,0,0,0,0,0]     28/15          31/15          2/15           23/15          26/15          31/60          
[0,0,2,0,0,2,0,0,0,0,0,0,0,0,0,0]     28/15          31/15          2/15           23/15          26/15          31/60          
[0,0,2,0,1,1,0,0,0,0,0,0,0,0,1,1]     28/15          31/15          1/6            3/2            17/10          13/24          
[0,0,2,0,1,1,0,0,0,0,0,0,1,1,0,0]     28/15          31/15          1/6            3/2            17/10          13/24          
[0,0,2,0,1,1,0,0,0,0,1,1,0,0,0,0]     28/15          31/15          1/6            3/2            17/10          13/24          
[0,0,2,0,1,1,0,0,1,1,0,0,0,0,0,0]     28/15          31/15          1/6            3/2            17/10          13/24          
[0,0,2,0,1,1,1,1,0,0,0,0,0,0,0,0]     28/15          31/15          1/6            3/2            17/10          13/24          
[0,0,2,0,2,0,0,0,0,0,0,0,0,0,0,0]     28/15          31/15          2/15           23/15          26/15          31/60          
[0,0,2,2,0,0,0,0,0,0,0,0,0,0,0,0]     16/15          31/15          2/15           11/15          26/15          19/60          
[0,0,2,2,0,0,0,0,0,0,0,0,0,0,2,2]     31/15          31/15          4/15           8/5            8/5            2/3            
[0,0,2,2,0,0,0,0,0,0,0,0,1,1,1,1]     31/15          31/15          7/30           49/30          49/30          77/120         
[0,0,2,2,0,0,0,0,0,0,0,0,2,2,0,0]     31/15          31/15          4/15           8/5            8/5            2/3            
[0,0,2,2,0,0,0,0,0,0,1,1,0,0,1,1]     31/15          31/15          7/30           49/30          49/30          77/120         
[0,0,2,2,0,0,0,0,0,0,1,1,1,1,0,0]     31/15          31/15          7/30           49/30          49/30          77/120         
[0,0,2,2,0,0,0,0,0,0,2,2,0,0,0,0]     31/15          31/15          4/15           8/5            8/5            2/3            
[0,0,2,2,0,0,0,0,1,1,0,0,0,0,1,1]     31/15          31/15          7/30           49/30          49/30          77/120         
[0,0,2,2,0,0,0,0,1,1,0,0,1,1,0,0]     31/15          31/15          7/30           49/30          49/30          77/120         
[0,0,2,2,0,0,0,0,1,1,1,1,0,0,0,0]     31/15          31/15          7/30           49/30          49/30          77/120         
[0,0,2,2,0,0,0,0,2,2,0,0,0,0,0,0]     31/15          31/15          4/15           8/5            8/5            2/3            
[0,0,2,2,0,0,1,1,0,0,0,0,0,0,1,1]     31/15          31/15          7/30           49/30          49/30          77/120         
[0,0,2,2,0,0,1,1,0,0,0,0,1,1,0,0]     31/15          31/15          7/30           49/30          49/30          77/120         
[0,0,2,2,0,0,1,1,0,0,1,1,0,0,0,0]     31/15          31/15          7/30           49/30          49/30          77/120         
[0,0,2,2,0,0,1,1,1,1,0,0,0,0,0,0]     31/15          31/15          7/30           49/30          49/30          77/120         
[0,0,2,2,0,0,2,2,0,0,0,0,0,0,0,0]     31/15          31/15          4/15           8/5            8/5            2/3            
[0,0,2,2,1,1,0,0,0,0,0,0,0,0,1,1]     31/15          31/15          7/30           49/30          49/30          77/120         
[0,0,2,2,1,1,0,0,0,0,0,0,1,1,0,0]     31/15          31/15          7/30           49/30          49/30          77/120         
[0,0,2,2,1,1,0,0,0,0,1,1,0,0,0,0]     31/15          31/15          7/30           49/30          49/30          77/120         
[0,0,2,2,1,1,0,0,1,1,0,0,0,0,0,0]     31/15          31/15          7/30           49/30          49/30          77/120         
[0,0,2,2,1,1,1,1,0,0,0,0,0,0,0,0]     31/15          31/15          7/30           49/30          49/30          77/120         
[0,0,2,2,2,2,0,0,0,0,0,0,0,0,0,0]     31/15          31/15          4/15           8/5            8/5            2/3            
[0,2,0,0,0,0,0,0,0,0,0,0,0,0,0,2]     28/15          31/15          2/15           23/15          26/15          31/60          
[0,2,0,0,0,0,0,0,0,0,0,0,0,0,2,0]     28/15          31/15          2/15           23/15          26/15          31/60          
[0,2,0,0,0,0,0,0,0,0,0,0,0,2,0,0]     28/15          31/15          2/15           23/15          26/15          31/60          
[0,2,0,0,0,0,0,0,0,0,0,0,1,1,1,1]     28/15          31/15          1/6            3/2            17/10          13/24          
[0,2,0,0,0,0,0,0,0,0,0,0,2,0,0,0]     28/15          31/15          2/15           23/15          26/15          31/60          
[0,2,0,0,0,0,0,0,0,0,0,2,0,0,0,0]     28/15          31/15          2/15           23/15          26/15          31/60          
[0,2,0,0,0,0,0,0,0,0,1,1,0,0,1,1]     28/15          31/15          1/6            3/2            17/10          13/24          
[0,2,0,0,0,0,0,0,0,0,1,1,1,1,0,0]     28/15          31/15          1/6            3/2            17/10          13/24          
[0,2,0,0,0,0,0,0,0,0,2,0,0,0,0,0]     28/15          31/15          2/15           23/15          26/15          31/60          
[0,2,0,0,0,0,0,0,0,2,0,0,0,0,0,0]     28/15          31/15          2/15           23/15          26/15          31/60          
[0,2,0,0,0,0,0,0,1,1,0,0,0,0,1,1]     28/15          31/15          1/6            3/2            17/10          13/24          
[0,2,0,0,0,0,0,0,1,1,0,0,1,1,0,0]     28/15          31/15          1/6            3/2            17/10          13/24          
[0,2,0,0,0,0,0,0,1,1,1,1,0,0,0,0]     28/15          31/15          1/6            3/2            17/10          13/24          
[0,2,0,0,0,0,0,0,2,0,0,0,0,0,0,0]     28/15          31/15          2/15           23/15          26/15          31/60          
[0,2,0,0,0,0,0,2,0,0,0,0,0,0,0,0]     28/15          31/15          2/15           23/15          26/15          31/60          
[0,2,0,0,0,0,1,1,0,0,0,0,0,0,1,1]     28/15          31/15          1/6            3/2            17/10          13/24          
[0,2,0,0,0,0,1,1,0,0,0,0,1,1,0,0]     28/15          31/15          1/6            3/2            17/10          13/24          
[0,2,0,0,0,0,1,1,0,0,1,1,0,0,0,0]     28/15          31/15          1/6            3/2            17/10          13/24          
[0,2,0,0,0,0,1,1,1,1,0,0,0,0,0,0]     28/15          31/15          1/6            3/2            17/10          13/24          
[0,2,0,0,0,0,2,0,0,0,0,0,0,0,0,0]     28/15          31/15          2/15           23/15          26/15          31/60          
[0,2,0,0,0,2,0,0,0,0,0,0,0,0,0,0]     28/15          31/15          2/15           23/15          26/15          31/60          
[0,2,0,0,1,1,0,0,0,0,0,0,0,0,1,1]     28/15          31/15          1/6            3/2            17/10          13/24          
[0,2,0,0,1,1,0,0,0,0,0,0,1,1,0,0]     28/15          31/15          1/6            3/2            17/10          13/24          
[0,2,0,0,1,1,0,0,0,0,1,1,0,0,0,0]     28/15          31/15          1/6            3/2            17/10          13/24          
[0,2,0,0,1,1,0,0,1,1,0,0,0,0,0,0]     28/15          31/15          1/6            3/2            17/10          13/24          
[0,2,0,0,1,1,1,1,0,0,0,0,0,0,0,0]     28/15          31/15          1/6            3/2            17/10          13/24          
[0,2,0,0,2,0,0,0,0,0,0,0,0,0,0,0]     28/15          31/15          2/15           23/15          26/15          31/60          
[0,2,0,2,0,0,0,0,0,0,0,0,0,0,0,0]     28/15          31/15          2/15           23/15          26/15          31/60          
[0,2,1,1,0,0,0,0,0,0,0,0,0,0,1,1]     28/15          31/15          1/6            3/2            17/10          13/24          
[0,2,1,1,0,0,0,0,0,0,0,0,1,1,0,0]     28/15          31/15          1/6            3/2            17/10          13/24          
[0,2,1,1,0,0,0,0,0,0,1,1,0,0,0,0]     28/15          31/15          1/6            3/2            17/10          13/24          
[0,2,1,1,0,0,0,0,1,1,0,0,0,0,0,0]     28/15          31/15          1/6            3/2            17/10          13/24          
[0,2,1,1,0,0,1,1,0,0,0,0,0,0,0,0]     28/15          31/15          1/6            3/2            17/10          13/24          
[0,2,1,1,1,1,0,0,0,0,0,0,0,0,0,0]     28/15          31/15          1/6            3/2            17/10          13/24          
[0,2,2,0,0,0,0,0,0,0,0,0,0,0,0,0]     28/15          31/15          2/15           23/15          26/15          31/60          
[1,1,0,0,0,0,0,0,0,0,0,0,0,0,1,1]     16/15          31/15          1/10           23/30          53/30          7/24           
[1,1,0,0,0,0,0,0,0,0,0,0,0,2,1,1]     28/15          31/15          1/6            3/2            17/10          13/24          
[1,1,0,0,0,0,0,0,0,0,0,0,1,1,0,0]     16/15          31/15          1/10           23/30          53/30          7/24           
[1,1,0,0,0,0,0,0,0,0,0,0,1,1,0,2]     28/15          31/15          1/6            3/2            17/10          13/24          
[1,1,0,0,0,0,0,0,0,0,0,0,1,1,2,0]     28/15          31/15          1/6            3/2            17/10          13/24          
[1,1,0,0,0,0,0,0,0,0,0,0,1,1,2,2]     31/15          31/15          7/30           49/30          49/30          77/120         
[1,1,0,0,0,0,0,0,0,0,0,0,2,0,1,1]     28/15          31/15          1/6            3/2            17/10          13/24          
[1,1,0,0,0,0,0,0,0,0,0,0,2,2,1,1]     31/15          31/15          7/30           49/30          49/30          77/120         
[1,1,0,0,0,0,0,0,0,0,0,2,0,0,1,1]     28/15          31/15          1/6            3/2            17/10          13/24          
[1,1,0,0,0,0,0,0,0,0,0,2,1,1,0,0]     28/15          31/15          1/6            3/2            17/10          13/24          
[1,1,0,0,0,0,0,0,0,0,1,1,0,0,0,0]     16/15          31/15          1/10           23/30          53/30          7/24           
[1,1,0,0,0,0,0,0,0,0,1,1,0,0,0,2]     28/15          31/15          1/6            3/2            17/10          13/24          
[1,1,0,0,0,0,0,0,0,0,1,1,0,0,2,0]     28/15          31/15          1/6            3/2            17/10          13/24          
[1,1,0,0,0,0,0,0,0,0,1,1,0,0,2,2]     31/15          31/15          7/30           49/30          49/30          77/120         
[1,1,0,0,0,0,0,0,0,0,1,1,0,2,0,0]     28/15          31/15          1/6            3/2            17/10          13/24          
[1,1,0,0,0,0,0,0,0,0,1,1,1,1,1,1]     28/15          31/15          1/5            22/15          5/3            17/30          
[1,1,0,0,0,0,0,0,0,0,1,1,2,0,0,0]     28/15          31/15          1/6            3/2            17/10          13/24          
[1,1,0,0,0,0,0,0,0,0,1,1,2,2,0,0]     31/15          31/15          7/30           49/30          49/30          77/120         
[1,1,0,0,0,0,0,0,0,0,2,0,0,0,1,1]     28/15          31/15          1/6            3/2            17/10          13/24          
[1,1,0,0,0,0,0,0,0,0,2,0,1,1,0,0]     28/15          31/15          1/6            3/2            17/10          13/24          
[1,1,0,0,0,0,0,0,0,0,2,2,0,0,1,1]     31/15          31/15          7/30           49/30          49/30          77/120         
[1,1,0,0,0,0,0,0,0,0,2,2,1,1,0,0]     31/15          31/15          7/30           49/30          49/30          77/120         
[1,1,0,0,0,0,0,0,0,2,0,0,0,0,1,1]     28/15          31/15          1/6            3/2            17/10          13/24          
[1,1,0,0,0,0,0,0,0,2,0,0,1,1,0,0]     28/15          31/15          1/6            3/2            17/10          13/24          
[1,1,0,0,0,0,0,0,0,2,1,1,0,0,0,0]     28/15          31/15          1/6            3/2            17/10          13/24          
[1,1,0,0,0,0,0,0,1,1,0,0,0,0,0,0]     16/15          31/15          1/10           23/30          53/30          7/24           
[1,1,0,0,0,0,0,0,1,1,0,0,0,0,0,2]     28/15          31/15          1/6            3/2            17/10          13/24          
[1,1,0,0,0,0,0,0,1,1,0,0,0,0,2,0]     28/15          31/15          1/6            3/2            17/10          13/24          
[1,1,0,0,0,0,0,0,1,1,0,0,0,0,2,2]     31/15          31/15          7/30           49/30          49/30          77/120         
[1,1,0,0,0,0,0,0,1,1,0,0,0,2,0,0]     28/15          31/15          1/6            3/2            17/10          13/24          
[1,1,0,0,0,0,0,0,1,1,0,0,1,1,1,1]     28/15          31/15          1/5            22/15          5/3            17/30          
[1,1,0,0,0,0,0,0,1,1,0,0,2,0,0,0]     28/15          31/15          1/6            3/2            17/10          13/24          
[1,1,0,0,0,0,0,0,1,1,0,0,2,2,0,0]     31/15          31/15          7/30           49/30          49/30          77/120         
[1,1,0,0,0,0,0,0,1,1,0,2,0,0,0,0]     28/15          31/15          1/6            3/2            17/10          13/24          
[1,1,0,0,0,0,0,0,1,1,1,1,0,0,1,1]     28/15          31/15          1/5            22/15          5/3            17/30          
[1,1,0,0,0,0,0,0,1,1,1,1,1,1,0,0]     28/15          31/15          1/5            22/15          5/3            17/30          
[1,1,0,0,0,0,0,0,1,1,2,0,0,0,0,0]     28/15          31/15          1/6            3/2            17/10          13/24          
[1,1,0,0,0,0,0,0,1,1,2,2,0,0,0,0]     31/15          31/15          7/30           49/30          49/30          77/120         
[1,1,0,0,0,0,0,0,2,0,0,0,0,0,1,1]     28/15          31/15          1/6            3/2            17/10          13/24          
[1,1,0,0,0,0,0,0,2,0,0,0,1,1,0,0]     28/15          31/15          1/6            3/2            17/10          13/24          
[1,1,0,0,0,0,0,0,2,0,1,1,0,0,0,0]     28/15          31/15          1/6            3/2            17/10          13/24          
[1,1,0,0,0,0,0,0,2,2,0,0,0,0,1,1]     31/15          31/15          7/30           49/30          49/30          77/120         
[1,1,0,0,0,0,0,0,2,2,0,0,1,1,0,0]     31/15          31/15          7/30           49/30          49/30          77/120         
[1,1,0,0,0,0,0,0,2,2,1,1,0,0,0,0]     31/15          31/15          7/30           49/30          49/30          77/120         
[1,1,0,0,0,0,0,2,0,0,0,0,0,0,1,1]     28/15          31/15          1/6            3/2            17/10          13/24          
[1,1,0,0,0,0,0,2,0,0,0,0,1,1,0,0]     28/15          31/15          1/6            3/2            17/10          13/24          
[1,1,0,0,0,0,0,2,0,0,1,1,0,0,0,0]     28/15          31/15          1/6            3/2            17/10          13/24          
[1,1,0,0,0,0,0,2,1,1,0,0,0,0,0,0]     28/15          31/15          1/6            3/2            17/10          13/24          
[1,1,0,0,0,0,1,1,0,0,0,0,0,0,0,0]     16/15          31/15          1/10           23/30          53/30          7/24           
[1,1,0,0,0,0,1,1,0,0,0,0,0,0,0,2]     28/15          31/15          1/6            3/2            17/10          13/24          
[1,1,0,0,0,0,1,1,0,0,0,0,0,0,2,0]     28/15          31/15          1/6            3/2            17/10          13/24          
[1,1,0,0,0,0,1,1,0,0,0,0,0,0,2,2]     31/15          31/15          7/30           49/30          49/30          77/120         
[1,1,0,0,0,0,1,1,0,0,0,0,0,2,0,0]     28/15          31/15          1/6            3/2            17/10          13/24          
[1,1,0,0,0,0,1,1,0,0,0,0,1,1,1,1]     28/15          31/15          1/5            22/15          5/3            17/30          
[1,1,0,0,0,0,1,1,0,0,0,0,2,0,0,0]     28/15          31/15          1/6            3/2            17/10          13/24          
[1,1,0,0,0,0,1,1,0,0,0,0,2,2,0,0]     31/15          31/15          7/30           49/30          49/30          77/120         
[1,1,0,0,0,0,1,1,0,0,0,2,0,0,0,0]     28/15          31/15          1/6            3/2            17/10          13/24          
[1,1,0,0,0,0,1,1,0,0,1,1,0,0,1,1]     28/15          31/15          1/5            22/15          5/3            17/30          
[1,1,0,0,0,0,1,1,0,0,1,1,1,1,0,0]     28/15          31/15          1/5            22/15          5/3            17/30          
[1,1,0,0,0,0,1,1,0,0,2,0,0,0,0,0]     28/15          31/15          1/6            3/2            17/10          13/24          
[1,1,0,0,0,0,1,1,0,0,2,2,0,0,0,0]     31/15          31/15          7/30           49/30          49/30          77/120         
[1,1,0,0,0,0,1,1,0,2,0,0,0,0,0,0]     28/15          31/15          1/6            3/2            17/10          13/24          
[1,1,0,0,0,0,1,1,1,1,0,0,0,0,1,1]     28/15          31/15          1/5            22/15          5/3            17/30          
[1,1,0,0,0,0,1,1,1,1,0,0,1,1,0,0]     28/15          31/15          1/5            22/15          5/3            17/30          
[1,1,0,0,0,0,1,1,1,1,1,1,0,0,0,0]     28/15          31/15          1/5            22/15          5/3            17/30          
[1,1,0,0,0,0,1,1,2,0,0,0,0,0,0,0]     28/15          31/15          1/6            3/2            17/10          13/24          
[1,1,0,0,0,0,1,1,2,2,0,0,0,0,0,0]     31/15          31/15          7/30           49/30          49/30          77/120         
[1,1,0,0,0,0,2,0,0,0,0,0,0,0,1,1]     28/15          31/15          1/6            3/2            17/10          13/24          
[1,1,0,0,0,0,2,0,0,0,0,0,1,1,0,0]     28/15          31/15          1/6            3/2            17/10          13/24          
[1,1,0,0,0,0,2,0,0,0,1,1,0,0,0,0]     28/15          31/15          1/6            3/2            17/10          13/24          
[1,1,0,0,0,0,2,0,1,1,0,0,0,0,0,0]     28/15          31/15          1/6            3/2            17/10          13/24          
[1,1,0,0,0,0,2,2,0,0,0,0,0,0,1,1]     31/15          31/15          7/30           49/30          49/30          77/120         
[1,1,0,0,0,0,2,2,0,0,0,0,1,1,0,0]     31/15          31/15          7/30           49/30          49/30          77/120         
[1,1,0,0,0,0,2,2,0,0,1,1,0,0,0,0]     31/15          31/15          7/30           49/30          49/30          77/120         
[1,1,0,0,0,0,2,2,1,1,0,0,0,0,0,0]     31/15          31/15          7/30           49/30          49/30          77/120         
[1,1,0,0,0,2,0,0,0,0,0,0,0,0,1,1]     28/15          31/15          1/6            3/2            17/10          13/24          
[1,1,0,0,0,2,0,0,0,0,0,0,1,1,0,0]     28/15          31/15          1/6            3/2            17/10          13/24          
[1,1,0,0,0,2,0,0,0,0,1,1,0,0,0,0]     28/15          31/15          1/6            3/2            17/10          13/24          
[1,1,0,0,0,2,0,0,1,1,0,0,0,0,0,0]     28/15          31/15          1/6            3/2            17/10          13/24          
[1,1,0,0,0,2,1,1,0,0,0,0,0,0,0,0]     28/15          31/15          1/6            3/2            17/10          13/24          
[1,1,0,0,1,1,0,0,0,0,0,0,0,0,0,0]     16/15          31/15          1/10           23/30          53/30          7/24           
[1,1,0,0,1,1,0,0,0,0,0,0,0,0,0,2]     28/15          31/15          1/6            3/2            17/10          13/24          
[1,1,0,0,1,1,0,0,0,0,0,0,0,0,2,0]     28/15          31/15          1/6            3/2            17/10          13/24          
[1,1,0,0,1,1,0,0,0,0,0,0,0,0,2,2]     31/15          31/15          7/30           49/30          49/30          77/120         
[1,1,0,0,1,1,0,0,0,0,0,0,0,2,0,0]     28/15          31/15          1/6            3/2            17/10          13/24          
[1,1,0,0,1,1,0,0,0,0,0,0,1,1,1,1]     28/15          31/15          1/5            22/15          5/3            17/30          
[1,1,0,0,1,1,0,0,0,0,0,0,2,0,0,0]     28/15          31/15          1/6            3/2            17/10          13/24          
[1,1,0,0,1,1,0,0,0,0,0,0,2,2,0,0]     31/15          31/15          7/30           49/30          49/30          77/120         
[1,1,0,0,1,1,0,0,0,0,0,2,0,0,0,0]     28/15          31/15          1/6            3/2            17/10          13/24          
[1,1,0,0,1,1,0,0,0,0,1,1,0,0,1,1]     28/15          31/15          1/5            22/15          5/3            17/30          
[1,1,0,0,1,1,0,0,0,0,1,1,1,1,0,0]     28/15          31/15          1/5            22/15          5/3            17/30          
[1,1,0,0,1,1,0,0,0,0,2,0,0,0,0,0]     28/15          31/15          1/6            3/2            17/10          13/24          
[1,1,0,0,1,1,0,0,0,0,2,2,0,0,0,0]     31/15          31/15          7/30           49/30          49/30          77/120         
[1,1,0,0,1,1,0,0,0,2,0,0,0,0,0,0]     28/15          31/15          1/6            3/2            17/10          13/24          
[1,1,0,0,1,1,0,0,1,1,0,0,0,0,1,1]     28/15          31/15          1/5            22/15          5/3            17/30          
[1,1,0,0,1,1,0,0,1,1,0,0,1,1,0,0]     28/15          31/15          1/5            22/15          5/3            17/30          
[1,1,0,0,1,1,0,0,1,1,1,1,0,0,0,0]     28/15          31/15          1/5            22/15          5/3            17/30          
[1,1,0,0,1,1,0,0,2,0,0,0,0,0,0,0]     28/15          31/15          1/6            3/2            17/10          13/24          
[1,1,0,0,1,1,0,0,2,2,0,0,0,0,0,0]     31/15          31/15          7/30           49/30          49/30          77/120         
[1,1,0,0,1,1,0,2,0,0,0,0,0,0,0,0]     28/15          31/15          1/6            3/2            17/10          13/24          
[1,1,0,0,1,1,1,1,0,0,0,0,0,0,1,1]     28/15          31/15          1/5            22/15          5/3            17/30          
[1,1,0,0,1,1,1,1,0,0,0,0,1,1,0,0]     28/15          31/15          1/5            22/15          5/3            17/30          
[1,1,0,0,1,1,1,1,0,0,1,1,0,0,0,0]     28/15          31/15          1/5            22/15          5/3            17/30          
[1,1,0,0,1,1,1,1,1,1,0,0,0,0,0,0]     28/15          31/15          1/5            22/15          5/3            17/30          
[1,1,0,0,1,1,2,0,0,0,0,0,0,0,0,0]     28/15          31/15          1/6            3/2            17/10          13/24          
[1,1,0,0,1,1,2,2,0,0,0,0,0,0,0,0]     31/15          31/15          7/30           49/30          49/30          77/120         
[1,1,0,0,2,0,0,0,0,0,0,0,0,0,1,1]     28/15          31/15          1/6            3/2            17/10          13/24          
[1,1,0,0,2,0,0,0,0,0,0,0,1,1,0,0]     28/15          31/15          1/6            3/2            17/10          13/24          
[1,1,0,0,2,0,0,0,0,0,1,1,0,0,0,0]     28/15          31/15          1/6            3/2            17/10          13/24          
[1,1,0,0,2,0,0,0,1,1,0,0,0,0,0,0]     28/15          31/15          1/6            3/2            17/10          13/24          
[1,1,0,0,2,0,1,1,0,0,0,0,0,0,0,0]     28/15          31/15          1/6            3/2            17/10          13/24          
[1,1,0,0,2,2,0,0,0,0,0,0,0,0,1,1]     31/15          31/15          7/30           49/30          49/30          77/120         
[1,1,0,0,2,2,0,0,0,0,0,0,1,1,0,0]     31/15          31/15          7/30           49/30          49/30          77/120         
[1,1,0,0,2,2,0,0,0,0,1,1,0,0,0,0]     31/15          31/15          7/30           49/30          49/30          77/120         
[1,1,0,0,2,2,0,0,1,1,0,0,0,0,0,0]     31/15          31/15          7/30           49/30          49/30          77/120         
[1,1,0,0,2,2,1,1,0,0,0,0,0,0,0,0]     31/15          31/15          7/30           49/30          49/30          77/120         
[1,1,0,2,0,0,0,0,0,0,0,0,0,0,1,1]     28/15          31/15          1/6            3/2            17/10          13/24          
[1,1,0,2,0,0,0,0,0,0,0,0,1,1,0,0]     28/15          31/15          1/6            3/2            17/10          13/24          
[1,1,0,2,0,0,0,0,0,0,1,1,0,0,0,0]     28/15          31/15          1/6            3/2            17/10          13/24          
[1,1,0,2,0,0,0,0,1,1,0,0,0,0,0,0]     28/15          31/15          1/6            3/2            17/10          13/24          
[1,1,0,2,0,0,1,1,0,0,0,0,0,0,0,0]     28/15          31/15          1/6            3/2            17/10          13/24          
[1,1,0,2,1,1,0,0,0,0,0,0,0,0,0,0]     28/15          31/15          1/6            3/2            17/10          13/24          
[1,1,1,1,0,0,0,0,0,0,0,0,0,0,0,0]     16/15          31/15          1/10           23/30          53/30          7/24           
[1,1,1,1,0,0,0,0,0,0,0,0,0,0,0,2]     28/15          31/15          1/6            3/2            17/10          13/24          
[1,1,1,1,0,0,0,0,0,0,0,0,0,0,2,0]     28/15          31/15          1/6            3/2            17/10          13/24          
[1,1,1,1,0,0,0,0,0,0,0,0,0,0,2,2]     31/15          31/15          7/30           49/30          49/30          77/120         
[1,1,1,1,0,0,0,0,0,0,0,0,0,2,0,0]     28/15          31/15          1/6            3/2            17/10          13/24          
[1,1,1,1,0,0,0,0,0,0,0,0,1,1,1,1]     28/15          31/15          1/5            22/15          5/3            17/30          
[1,1,1,1,0,0,0,0,0,0,0,0,2,0,0,0]     28/15          31/15          1/6            3/2            17/10          13/24          
[1,1,1,1,0,0,0,0,0,0,0,0,2,2,0,0]     31/15          31/15          7/30           49/30          49/30          77/120         
[1,1,1,1,0,0,0,0,0,0,0,2,0,0,0,0]     28/15          31/15          1/6            3/2            17/10          13/24          
[1,1,1,1,0,0,0,0,0,0,1,1,0,0,1,1]     28/15          31/15          1/5            22/15          5/3            17/30          
[1,1,1,1,0,0,0,0,0,0,1,1,1,1,0,0]     28/15          31/15          1/5            22/15          5/3            17/30          
[1,1,1,1,0,0,0,0,0,0,2,0,0,0,0,0]     28/15          31/15          1/6            3/2            17/10          13/24          
[1,1,1,1,0,0,0,0,0,0,2,2,0,0,0,0]     31/15          31/15          7/30           49/30          49/30          77/120         
[1,1,1,1,0,0,0,0,0,2,0,0,0,0,0,0]     28/15          31/15          1/6            3/2            17/10          13/24          
[1,1,1,1,0,0,0,0,1,1,0,0,0,0,1,1]     28/15          31/15          1/5            22/15          5/3            17/30          
[1,1,1,1,0,0,0,0,1,1,0,0,1,1,0,0]     28/15          31/15          1/5            22/15          5/3            17/30          
[1,1,1,1,0,0,0,0,1,1,1,1,0,0,0,0]     28/15          31/15          1/5            22/15          5/3            17/30          
[1,1,1,1,0,0,0,0,2,0,0,0,0,0,0,0]     28/15          31/15          1/6            3/2            17/10          13/24          
[1,1,1,1,0,0,0,0,2,2,0,0,0,0,0,0]     31/15          31/15          7/30           49/30          49/30          77/120         
[1,1,1,1,0,0,0,2,0,0,0,0,0,0,0,0]     28/15          31/15          1/6            3/2            17/10          13/24          
[1,1,1,1,0,0,1,1,0,0,0,0,0,0,1,1]     28/15          31/15          1/5            22/15          5/3            17/30          
[1,1,1,1,0,0,1,1,0,0,0,0,1,1,0,0]     28/15          31/15          1/5            22/15          5/3            17/30          
[1,1,1,1,0,0,1,1,0,0,1,1,0,0,0,0]     28/15          31/15          1/5            22/15          5/3            17/30          
[1,1,1,1,0,0,1,1,1,1,0,0,0,0,0,0]     28/15          31/15          1/5            22/15          5/3            17/30          
[1,1,1,1,0,0,2,0,0,0,0,0,0,0,0,0]     28/15          31/15          1/6            3/2            17/10          13/24          
[1,1,1,1,0,0,2,2,0,0,0,0,0,0,0,0]     31/15          31/15          7/30           49/30          49/30          77/120         
[1,1,1,1,0,2,0,0,0,0,0,0,0,0,0,0]     28/15          31/15          1/6            3/2            17/10          13/24          
[1,1,1,1,1,1,0,0,0,0,0,0,0,0,1,1]     28/15          31/15          1/5            22/15          5/3            17/30          
[1,1,1,1,1,1,0,0,0,0,0,0,1,1,0,0]     28/15          31/15          1/5            22/15          5/3            17/30          
[1,1,1,1,1,1,0,0,0,0,1,1,0,0,0,0]     28/15          31/15          1/5            22/15          5/3            17/30          
[1,1,1,1,1,1,0,0,1,1,0,0,0,0,0,0]     28/15          31/15          1/5            22/15          5/3            17/30          
[1,1,1,1,1,1,1,1,0,0,0,0,0,0,0,0]     28/15          31/15          1/5            22/15          5/3            17/30          
[1,1,1,1,2,0,0,0,0,0,0,0,0,0,0,0]     28/15          31/15          1/6            3/2            17/10          13/24          
[1,1,1,1,2,2,0,0,0,0,0,0,0,0,0,0]     31/15          31/15          7/30           49/30          49/30          77/120         
[1,1,2,0,0,0,0,0,0,0,0,0,0,0,1,1]     28/15          31/15          1/6            3/2            17/10          13/24          
[1,1,2,0,0,0,0,0,0,0,0,0,1,1,0,0]     28/15          31/15          1/6            3/2            17/10          13/24          
[1,1,2,0,0,0,0,0,0,0,1,1,0,0,0,0]     28/15          31/15          1/6            3/2            17/10          13/24          
[1,1,2,0,0,0,0,0,1,1,0,0,0,0,0,0]     28/15          31/15          1/6            3/2            17/10          13/24          
[1,1,2,0,0,0,1,1,0,0,0,0,0,0,0,0]     28/15          31/15          1/6            3/2            17/10          13/24          
[1,1,2,0,1,1,0,0,0,0,0,0,0,0,0,0]     28/15          31/15          1/6            3/2            17/10          13/24          
[1,1,2,2,0,0,0,0,0,0,0,0,0,0,1,1]     31/15          31/15          7/30           49/30          49/30          77/120         
[1,1,2,2,0,0,0,0,0,0,0,0,1,1,0,0]     31/15          31/15          7/30           49/30          49/30          77/120         
[1,1,2,2,0,0,0,0,0,0,1,1,0,0,0,0]     31/15          31/15          7/30           49/30          49/30          77/120         
[1,1,2,2,0,0,0,0,1,1,0,0,0,0,0,0]     31/15          31/15          7/30           49/30          49/30          77/120         
[1,1,2,2,0,0,1,1,0,0,0,0,0,0,0,0]     31/15          31/15          7/30           49/30          49/30          77/120         
[1,1,2,2,1,1,0,0,0,0,0,0,0,0,0,0]     31/15          31/15          7/30           49/30          49/30          77/120         
[2,0,0,0,0,0,0,0,0,0,0,0,0,0,0,2]     28/15          31/15          2/15           23/15          26/15          31/60          
[2,0,0,0,0,0,0,0,0,0,0,0,0,0,2,0]     28/15          31/15          2/15           23/15          26/15          31/60          
[2,0,0,0,0,0,0,0,0,0,0,0,0,2,0,0]     28/15          31/15          2/15           23/15          26/15          31/60          
[2,0,0,0,0,0,0,0,0,0,0,0,1,1,1,1]     28/15          31/15          1/6            3/2            17/10          13/24          
[2,0,0,0,0,0,0,0,0,0,0,0,2,0,0,0]     28/15          31/15          2/15           23/15          26/15          31/60          
[2,0,0,0,0,0,0,0,0,0,0,2,0,0,0,0]     28/15          31/15          2/15           23/15          26/15          31/60          
[2,0,0,0,0,0,0,0,0,0,1,1,0,0,1,1]     28/15          31/15          1/6            3/2            17/10          13/24          
[2,0,0,0,0,0,0,0,0,0,1,1,1,1,0,0]     28/15          31/15          1/6            3/2            17/10          13/24          
[2,0,0,0,0,0,0,0,0,0,2,0,0,0,0,0]     28/15          31/15          2/15           23/15          26/15          31/60          
[2,0,0,0,0,0,0,0,0,2,0,0,0,0,0,0]     28/15          31/15          2/15           23/15          26/15          31/60          
[2,0,0,0,0,0,0,0,1,1,0,0,0,0,1,1]     28/15          31/15          1/6            3/2            17/10          13/24          
[2,0,0,0,0,0,0,0,1,1,0,0,1,1,0,0]     28/15          31/15          1/6            3/2            17/10          13/24          
[2,0,0,0,0,0,0,0,1,1,1,1,0,0,0,0]     28/15          31/15          1/6            3/2            17/10          13/24          
[2,0,0,0,0,0,0,0,2,0,0,0,0,0,0,0]     28/15          31/15          2/15           23/15          26/15          31/60          
[2,0,0,0,0,0,0,2,0,0,0,0,0,0,0,0]     28/15          31/15          2/15           23/15          26/15          31/60          
[2,0,0,0,0,0,1,1,0,0,0,0,0,0,1,1]     28/15          31/15          1/6            3/2            17/10          13/24          
[2,0,0,0,0,0,1,1,0,0,0,0,1,1,0,0]     28/15          31/15          1/6            3/2            17/10          13/24          
[2,0,0,0,0,0,1,1,0,0,1,1,0,0,0,0]     28/15          31/15          1/6            3/2            17/10          13/24          
[2,0,0,0,0,0,1,1,1,1,0,0,0,0,0,0]     28/15          31/15          1/6            3/2            17/10          13/24          
[2,0,0,0,0,0,2,0,0,0,0,0,0,0,0,0]     28/15          31/15          2/15           23/15          26/15          31/60          
[2,0,0,0,0,2,0,0,0,0,0,0,0,0,0,0]     28/15          31/15          2/15           23/15          26/15          31/60          
[2,0,0,0,1,1,0,0,0,0,0,0,0,0,1,1]     28/15          31/15          1/6            3/2            17/10          13/24          
[2,0,0,0,1,1,0,0,0,0,0,0,1,1,0,0]     28/15          31/15          1/6            3/2            17/10          13/24          
[2,0,0,0,1,1,0,0,0,0,1,1,0,0,0,0]     28/15          31/15          1/6            3/2            17/10          13/24          
[2,0,0,0,1,1,0,0,1,1,0,0,0,0,0,0]     28/15          31/15          1/6            3/2            17/10          13/24          
[2,0,0,0,1,1,1,1,0,0,0,0,0,0,0,0]     28/15          31/15          1/6            3/2            17/10          13/24          
[2,0,0,0,2,0,0,0,0,0,0,0,0,0,0,0]     28/15          31/15          2/15           23/15          26/15          31/60          
[2,0,0,2,0,0,0,0,0,0,0,0,0,0,0,0]     28/15          31/15          2/15           23/15          26/15          31/60          
[2,0,1,1,0,0,0,0,0,0,0,0,0,0,1,1]     28/15          31/15          1/6            3/2            17/10          13/24          
[2,0,1,1,0,0,0,0,0,0,0,0,1,1,0,0]     28/15          31/15          1/6            3/2            17/10          13/24          
[2,0,1,1,0,0,0,0,0,0,1,1,0,0,0,0]     28/15          31/15          1/6            3/2            17/10          13/24          
[2,0,1,1,0,0,0,0,1,1,0,0,0,0,0,0]     28/15          31/15          1/6            3/2            17/10          13/24          
[2,0,1,1,0,0,1,1,0,0,0,0,0,0,0,0]     28/15          31/15          1/6            3/2            17/10          13/24          
[2,0,1,1,1,1,0,0,0,0,0,0,0,0,0,0]     28/15          31/15          1/6            3/2            17/10          13/24          
[2,0,2,0,0,0,0,0,0,0,0,0,0,0,0,0]     28/15          31/15          2/15           23/15          26/15          31/60          
[2,2,0,0,0,0,0,0,0,0,0,0,0,0,0,0]     16/15          31/15          2/15           11/15          26/15          19/60          
[2,2,0,0,0,0,0,0,0,0,0,0,0,0,2,2]     31/15          31/15          4/15           8/5            8/5            2/3            
[2,2,0,0,0,0,0,0,0,0,0,0,1,1,1,1]     31/15          31/15          7/30           49/30          49/30          77/120         
[2,2,0,0,0,0,0,0,0,0,0,0,2,2,0,0]     31/15          31/15          4/15           8/5            8/5            2/3            
[2,2,0,0,0,0,0,0,0,0,1,1,0,0,1,1]     31/15          31/15          7/30           49/30          49/30          77/120         
[2,2,0,0,0,0,0,0,0,0,1,1,1,1,0,0]     31/15          31/15          7/30           49/30          49/30          77/120         
[2,2,0,0,0,0,0,0,0,0,2,2,0,0,0,0]     31/15          31/15          4/15           8/5            8/5            2/3            
[2,2,0,0,0,0,0,0,1,1,0,0,0,0,1,1]     31/15          31/15          7/30           49/30          49/30          77/120         
[2,2,0,0,0,0,0,0,1,1,0,0,1,1,0,0]     31/15          31/15          7/30           49/30          49/30          77/120         
[2,2,0,0,0,0,0,0,1,1,1,1,0,0,0,0]     31/15          31/15          7/30           49/30          49/30          77/120         
[2,2,0,0,0,0,0,0,2,2,0,0,0,0,0,0]     31/15          31/15          4/15           8/5            8/5            2/3            
[2,2,0,0,0,0,1,1,0,0,0,0,0,0,1,1]     31/15          31/15          7/30           49/30          49/30          77/120         
[2,2,0,0,0,0,1,1,0,0,0,0,1,1,0,0]     31/15          31/15          7/30           49/30          49/30          77/120         
[2,2,0,0,0,0,1,1,0,0,1,1,0,0,0,0]     31/15          31/15          7/30           49/30          49/30          77/120         
[2,2,0,0,0,0,1,1,1,1,0,0,0,0,0,0]     31/15          31/15          7/30           49/30          49/30          77/120         
[2,2,0,0,0,0,2,2,0,0,0,0,0,0,0,0]     31/15          31/15          4/15           8/5            8/5            2/3            
[2,2,0,0,1,1,0,0,0,0,0,0,0,0,1,1]     31/15          31/15          7/30           49/30          49/30          77/120         
[2,2,0,0,1,1,0,0,0,0,0,0,1,1,0,0]     31/15          31/15          7/30           49/30          49/30          77/120         
[2,2,0,0,1,1,0,0,0,0,1,1,0,0,0,0]     31/15          31/15          7/30           49/30          49/30          77/120         
[2,2,0,0,1,1,0,0,1,1,0,0,0,0,0,0]     31/15          31/15          7/30           49/30          49/30          77/120         
[2,2,0,0,1,1,1,1,0,0,0,0,0,0,0,0]     31/15          31/15          7/30           49/30          49/30          77/120         
[2,2,0,0,2,2,0,0,0,0,0,0,0,0,0,0]     31/15          31/15          4/15           8/5            8/5            2/3            
[2,2,1,1,0,0,0,0,0,0,0,0,0,0,1,1]     31/15          31/15          7/30           49/30          49/30          77/120         
[2,2,1,1,0,0,0,0,0,0,0,0,1,1,0,0]     31/15          31/15          7/30           49/30          49/30          77/120         
[2,2,1,1,0,0,0,0,0,0,1,1,0,0,0,0]     31/15          31/15          7/30           49/30          49/30          77/120         
[2,2,1,1,0,0,0,0,1,1,0,0,0,0,0,0]     31/15          31/15          7/30           49/30          49/30          77/120         
[2,2,1,1,0,0,1,1,0,0,0,0,0,0,0,0]     31/15          31/15          7/30           49/30          49/30          77/120         
[2,2,1,1,1,1,0,0,0,0,0,0,0,0,0,0]     31/15          31/15          7/30           49/30          49/30          77/120         
[2,2,2,2,0,0,0,0,0,0,0,0,0,0,0,0]     31/15          31/15          4/15           8/5            8/5            2/3            
q(R)>E is potentially violated on: [[0,0,0,0,0,0,0,0,0,0,0,0,0,0,0,0], [0,0,0,0,0,0,0,0,0,0,0,0,1,1,1,1], [0,0,0,0,0,0,0,0,0,0,1,1,0,0,1,1], [0,0,0,0,0,0,0,0,0,0,1,1,1,1,0,0], [0,0,0,0,0,0,0,0,1,1,0,0,0,0,1,1], [0,0,0,0,0,0,0,0,1,1,0,0,1,1,0,0], [0,0,0,0,0,0,0,0,1,1,1,1,0,0,0,0], [0,0,0,0,0,0,1,1,0,0,0,0,0,0,1,1], [0,0,0,0,0,0,1,1,0,0,0,0,1,1,0,0], [0,0,0,0,0,0,1,1,0,0,1,1,0,0,0,0], [0,0,0,0,0,0,1,1,1,1,0,0,0,0,0,0], [0,0,0,0,1,1,0,0,0,0,0,0,0,0,1,1], [0,0,0,0,1,1,0,0,0,0,0,0,1,1,0,0], [0,0,0,0,1,1,0,0,0,0,1,1,0,0,0,0], [0,0,0,0,1,1,0,0,1,1,0,0,0,0,0,0], [0,0,0,0,1,1,1,1,0,0,0,0,0,0,0,0], [0,0,1,1,0,0,0,0,0,0,0,0,0,0,1,1], [0,0,1,1,0,0,0,0,0,0,0,0,1,1,0,0], [0,0,1,1,0,0,0,0,0,0,1,1,0,0,0,0], [0,0,1,1,0,0,0,0,1,1,0,0,0,0,0,0], [0,0,1,1,0,0,1,1,0,0,0,0,0,0,0,0], [0,0,1,1,1,1,0,0,0,0,0,0,0,0,0,0], [1,1,0,0,0,0,0,0,0,0,0,0,0,0,1,1], [1,1,0,0,0,0,0,0,0,0,0,0,1,1,0,0], [1,1,0,0,0,0,0,0,0,0,1,1,0,0,0,0], [1,1,0,0,0,0,0,0,1,1,0,0,0,0,0,0], [1,1,0,0,0,0,1,1,0,0,0,0,0,0,0,0], [1,1,0,0,1,1,0,0,0,0,0,0,0,0,0,0], [1,1,1,1,0,0,0,0,0,0,0,0,0,0,0,0]]
