====== Sym2LowerBounds (2023/01/26, 14:30) for G=D16, H=D4D4D4D4======

LiE isotropy representation:      1X[0,0,0,0,0,0,0,0,1,0,0,0,1,0,0,0] +
     1X[0,0,0,0,1,0,0,0,0,0,0,0,1,0,0,0] +
     1X[0,0,0,0,1,0,0,0,1,0,0,0,0,0,0,0] +
     1X[1,0,0,0,0,0,0,0,0,0,0,0,1,0,0,0] +
     1X[1,0,0,0,0,0,0,0,1,0,0,0,0,0,0,0] +
     1X[1,0,0,0,1,0,0,0,0,0,0,0,0,0,0,0]
Einstein constant: E=11/30
Isotype in Sym^2_0                    CasGMin        CasGMax        CasH           A*AMin         A*AMax         q(R)Min        
[0,0,0,0,0,0,0,0,0,0,0,0,0,0,0,0]     16/15          31/15          0              3/5            8/5            3/20           
[0,0,0,0,0,0,0,0,0,0,0,0,2,0,0,0]     16/15          31/15          4/15           1/3            4/3            7/20           
[0,0,0,0,0,0,0,0,0,1,0,0,0,1,0,0]     28/15          31/15          2/5            1              6/5            13/20          
[0,0,0,0,0,0,0,0,1,0,0,0,1,0,0,0]     16/15          31/15          7/30           11/30          41/30          13/40          
[0,0,0,0,0,0,0,0,2,0,0,0,0,0,0,0]     16/15          31/15          4/15           1/3            4/3            7/20           
[0,0,0,0,0,0,0,0,2,0,0,0,2,0,0,0]     31/15          31/15          8/15           16/15          16/15          4/5            
[0,0,0,0,0,1,0,0,0,0,0,0,0,1,0,0]     28/15          31/15          2/5            1              6/5            13/20          
[0,0,0,0,0,1,0,0,0,1,0,0,0,0,0,0]     28/15          31/15          2/5            1              6/5            13/20          
[0,0,0,0,0,1,0,0,1,0,0,0,1,0,0,0]     28/15          31/15          13/30          29/30          7/6            27/40          
[0,0,0,0,1,0,0,0,0,0,0,0,1,0,0,0]     16/15          31/15          7/30           11/30          41/30          13/40          
[0,0,0,0,1,0,0,0,0,1,0,0,1,0,0,0]     28/15          31/15          13/30          29/30          7/6            27/40          
[0,0,0,0,1,0,0,0,1,0,0,0,0,0,0,0]     16/15          31/15          7/30           11/30          41/30          13/40          
[0,0,0,0,1,0,0,0,1,0,0,0,0,1,0,0]     28/15          31/15          13/30          29/30          7/6            27/40          
[0,0,0,0,1,0,0,0,1,0,0,0,2,0,0,0]     31/15          31/15          1/2            11/10          11/10          31/40          
[0,0,0,0,1,0,0,0,2,0,0,0,1,0,0,0]     31/15          31/15          1/2            11/10          11/10          31/40          
[0,0,0,0,2,0,0,0,0,0,0,0,0,0,0,0]     16/15          31/15          4/15           1/3            4/3            7/20           
[0,0,0,0,2,0,0,0,0,0,0,0,2,0,0,0]     31/15          31/15          8/15           16/15          16/15          4/5            
[0,0,0,0,2,0,0,0,1,0,0,0,1,0,0,0]     31/15          31/15          1/2            11/10          11/10          31/40          
[0,0,0,0,2,0,0,0,2,0,0,0,0,0,0,0]     31/15          31/15          8/15           16/15          16/15          4/5            
[0,1,0,0,0,0,0,0,0,0,0,0,0,1,0,0]     28/15          31/15          2/5            1              6/5            13/20          
[0,1,0,0,0,0,0,0,0,1,0,0,0,0,0,0]     28/15          31/15          2/5            1              6/5            13/20          
[0,1,0,0,0,0,0,0,1,0,0,0,1,0,0,0]     28/15          31/15          13/30          29/30          7/6            27/40          
[0,1,0,0,0,1,0,0,0,0,0,0,0,0,0,0]     28/15          31/15          2/5            1              6/5            13/20          
[0,1,0,0,1,0,0,0,0,0,0,0,1,0,0,0]     28/15          31/15          13/30          29/30          7/6            27/40          
[0,1,0,0,1,0,0,0,1,0,0,0,0,0,0,0]     28/15          31/15          13/30          29/30          7/6            27/40          
[1,0,0,0,0,0,0,0,0,0,0,0,1,0,0,0]     16/15          31/15          7/30           11/30          41/30          13/40          
[1,0,0,0,0,0,0,0,0,1,0,0,1,0,0,0]     28/15          31/15          13/30          29/30          7/6            27/40          
[1,0,0,0,0,0,0,0,1,0,0,0,0,0,0,0]     16/15          31/15          7/30           11/30          41/30          13/40          
[1,0,0,0,0,0,0,0,1,0,0,0,0,1,0,0]     28/15          31/15          13/30          29/30          7/6            27/40          
[1,0,0,0,0,0,0,0,1,0,0,0,2,0,0,0]     31/15          31/15          1/2            11/10          11/10          31/40          
[1,0,0,0,0,0,0,0,2,0,0,0,1,0,0,0]     31/15          31/15          1/2            11/10          11/10          31/40          
[1,0,0,0,0,1,0,0,0,0,0,0,1,0,0,0]     28/15          31/15          13/30          29/30          7/6            27/40          
[1,0,0,0,0,1,0,0,1,0,0,0,0,0,0,0]     28/15          31/15          13/30          29/30          7/6            27/40          
[1,0,0,0,1,0,0,0,0,0,0,0,0,0,0,0]     16/15          31/15          7/30           11/30          41/30          13/40          
[1,0,0,0,1,0,0,0,0,0,0,0,0,1,0,0]     28/15          31/15          13/30          29/30          7/6            27/40          
[1,0,0,0,1,0,0,0,0,0,0,0,2,0,0,0]     31/15          31/15          1/2            11/10          11/10          31/40          
[1,0,0,0,1,0,0,0,0,1,0,0,0,0,0,0]     28/15          31/15          13/30          29/30          7/6            27/40          
[1,0,0,0,1,0,0,0,1,0,0,0,1,0,0,0]     28/15          31/15          7/15           14/15          17/15          7/10           
[1,0,0,0,1,0,0,0,2,0,0,0,0,0,0,0]     31/15          31/15          1/2            11/10          11/10          31/40          
[1,0,0,0,2,0,0,0,0,0,0,0,1,0,0,0]     31/15          31/15          1/2            11/10          11/10          31/40          
[1,0,0,0,2,0,0,0,1,0,0,0,0,0,0,0]     31/15          31/15          1/2            11/10          11/10          31/40          
[2,0,0,0,0,0,0,0,0,0,0,0,0,0,0,0]     16/15          31/15          4/15           1/3            4/3            7/20           
[2,0,0,0,0,0,0,0,0,0,0,0,2,0,0,0]     31/15          31/15          8/15           16/15          16/15          4/5            
[2,0,0,0,0,0,0,0,1,0,0,0,1,0,0,0]     31/15          31/15          1/2            11/10          11/10          31/40          
[2,0,0,0,0,0,0,0,2,0,0,0,0,0,0,0]     31/15          31/15          8/15           16/15          16/15          4/5            
[2,0,0,0,1,0,0,0,0,0,0,0,1,0,0,0]     31/15          31/15          1/2            11/10          11/10          31/40          
[2,0,0,0,1,0,0,0,1,0,0,0,0,0,0,0]     31/15          31/15          1/2            11/10          11/10          31/40          
[2,0,0,0,2,0,0,0,0,0,0,0,0,0,0,0]     31/15          31/15          8/15           16/15          16/15          4/5            
q(R)>E is potentially violated on: [[0,0,0,0,0,0,0,0,0,0,0,0,0,0,0,0], [0,0,0,0,0,0,0,0,0,0,0,0,2,0,0,0], [0,0,0,0,0,0,0,0,1,0,0,0,1,0,0,0], [0,0,0,0,0,0,0,0,2,0,0,0,0,0,0,0], [0,0,0,0,1,0,0,0,0,0,0,0,1,0,0,0], [0,0,0,0,1,0,0,0,1,0,0,0,0,0,0,0], [0,0,0,0,2,0,0,0,0,0,0,0,0,0,0,0], [1,0,0,0,0,0,0,0,0,0,0,0,1,0,0,0], [1,0,0,0,0,0,0,0,1,0,0,0,0,0,0,0], [1,0,0,0,1,0,0,0,0,0,0,0,0,0,0,0], [2,0,0,0,0,0,0,0,0,0,0,0,0,0,0,0]]
Crude estimate: LL > 2E if CasG > 2/15*sqrt(87) + 41/30, approx. 2.6103
Scanning for 0 <= CasG <= C.
Fourier mode                          CasG           KT?            LL >=          LL >= 2E?      
0                                     0              !              -1/5                          
1e_2                                  1                             23/60                         
2e_1                                  16/15                         2/5                           
1e_1+1e_3                             2                             27/20          >              
2e_2                                  31/15                         4/3            >              
2e_1+1e_2                             32/15                         7/5            >              
4e_1                                  34/15                         23/15          >              

Done!