====== Sym2LowerBounds (2023/01/26, 14:30) for G=D18, H=B4B4B4B4======

LiE isotropy representation:      1X[0,0,0,0,0,0,0,0,1,0,0,0,1,0,0,0] +
     1X[0,0,0,0,1,0,0,0,0,0,0,0,1,0,0,0] +
     1X[0,0,0,0,1,0,0,0,1,0,0,0,0,0,0,0] +
     1X[1,0,0,0,0,0,0,0,0,0,0,0,1,0,0,0] +
     1X[1,0,0,0,0,0,0,0,1,0,0,0,0,0,0,0] +
     1X[1,0,0,0,1,0,0,0,0,0,0,0,0,0,0,0]
Einstein constant: E=25/68
Isotype in Sym^2_0                    CasGMin        CasGMax        CasH           A*AMin         A*AMax         q(R)Min        
[0,0,0,0,0,0,0,0,0,0,0,0,0,0,0,0]     18/17          35/17          0              10/17          27/17          5/34           
[0,0,0,0,0,0,0,0,0,0,0,0,2,0,0,0]     18/17          35/17          9/34           11/34          45/34          47/136         
[0,0,0,0,0,0,0,0,0,1,0,0,0,1,0,0]     32/17          35/17          7/17           1              20/17          45/68          
[0,0,0,0,0,0,0,0,1,0,0,0,1,0,0,0]     18/17          35/17          4/17           6/17           23/17          11/34          
[0,0,0,0,0,0,0,0,2,0,0,0,0,0,0,0]     18/17          35/17          9/34           11/34          45/34          47/136         
[0,0,0,0,0,0,0,0,2,0,0,0,2,0,0,0]     35/17          35/17          9/17           18/17          18/17          27/34          
[0,0,0,0,0,1,0,0,0,0,0,0,0,1,0,0]     32/17          35/17          7/17           1              20/17          45/68          
[0,0,0,0,0,1,0,0,0,1,0,0,0,0,0,0]     32/17          35/17          7/17           1              20/17          45/68          
[0,0,0,0,0,1,0,0,1,0,0,0,1,0,0,0]     32/17          35/17          15/34          33/34          39/34          93/136         
[0,0,0,0,1,0,0,0,0,0,0,0,1,0,0,0]     18/17          35/17          4/17           6/17           23/17          11/34          
[0,0,0,0,1,0,0,0,0,1,0,0,1,0,0,0]     32/17          35/17          15/34          33/34          39/34          93/136         
[0,0,0,0,1,0,0,0,1,0,0,0,0,0,0,0]     18/17          35/17          4/17           6/17           23/17          11/34          
[0,0,0,0,1,0,0,0,1,0,0,0,0,1,0,0]     32/17          35/17          15/34          33/34          39/34          93/136         
[0,0,0,0,1,0,0,0,1,0,0,0,2,0,0,0]     35/17          35/17          1/2            37/34          37/34          105/136        
[0,0,0,0,1,0,0,0,2,0,0,0,1,0,0,0]     35/17          35/17          1/2            37/34          37/34          105/136        
[0,0,0,0,2,0,0,0,0,0,0,0,0,0,0,0]     18/17          35/17          9/34           11/34          45/34          47/136         
[0,0,0,0,2,0,0,0,0,0,0,0,2,0,0,0]     35/17          35/17          9/17           18/17          18/17          27/34          
[0,0,0,0,2,0,0,0,1,0,0,0,1,0,0,0]     35/17          35/17          1/2            37/34          37/34          105/136        
[0,0,0,0,2,0,0,0,2,0,0,0,0,0,0,0]     35/17          35/17          9/17           18/17          18/17          27/34          
[0,1,0,0,0,0,0,0,0,0,0,0,0,1,0,0]     32/17          35/17          7/17           1              20/17          45/68          
[0,1,0,0,0,0,0,0,0,1,0,0,0,0,0,0]     32/17          35/17          7/17           1              20/17          45/68          
[0,1,0,0,0,0,0,0,1,0,0,0,1,0,0,0]     32/17          35/17          15/34          33/34          39/34          93/136         
[0,1,0,0,0,1,0,0,0,0,0,0,0,0,0,0]     32/17          35/17          7/17           1              20/17          45/68          
[0,1,0,0,1,0,0,0,0,0,0,0,1,0,0,0]     32/17          35/17          15/34          33/34          39/34          93/136         
[0,1,0,0,1,0,0,0,1,0,0,0,0,0,0,0]     32/17          35/17          15/34          33/34          39/34          93/136         
[1,0,0,0,0,0,0,0,0,0,0,0,1,0,0,0]     18/17          35/17          4/17           6/17           23/17          11/34          
[1,0,0,0,0,0,0,0,0,1,0,0,1,0,0,0]     32/17          35/17          15/34          33/34          39/34          93/136         
[1,0,0,0,0,0,0,0,1,0,0,0,0,0,0,0]     18/17          35/17          4/17           6/17           23/17          11/34          
[1,0,0,0,0,0,0,0,1,0,0,0,0,1,0,0]     32/17          35/17          15/34          33/34          39/34          93/136         
[1,0,0,0,0,0,0,0,1,0,0,0,2,0,0,0]     35/17          35/17          1/2            37/34          37/34          105/136        
[1,0,0,0,0,0,0,0,2,0,0,0,1,0,0,0]     35/17          35/17          1/2            37/34          37/34          105/136        
[1,0,0,0,0,1,0,0,0,0,0,0,1,0,0,0]     32/17          35/17          15/34          33/34          39/34          93/136         
[1,0,0,0,0,1,0,0,1,0,0,0,0,0,0,0]     32/17          35/17          15/34          33/34          39/34          93/136         
[1,0,0,0,1,0,0,0,0,0,0,0,0,0,0,0]     18/17          35/17          4/17           6/17           23/17          11/34          
[1,0,0,0,1,0,0,0,0,0,0,0,0,1,0,0]     32/17          35/17          15/34          33/34          39/34          93/136         
[1,0,0,0,1,0,0,0,0,0,0,0,2,0,0,0]     35/17          35/17          1/2            37/34          37/34          105/136        
[1,0,0,0,1,0,0,0,0,1,0,0,0,0,0,0]     32/17          35/17          15/34          33/34          39/34          93/136         
[1,0,0,0,1,0,0,0,1,0,0,0,1,0,0,0]     32/17          35/17          8/17           16/17          19/17          12/17          
[1,0,0,0,1,0,0,0,2,0,0,0,0,0,0,0]     35/17          35/17          1/2            37/34          37/34          105/136        
[1,0,0,0,2,0,0,0,0,0,0,0,1,0,0,0]     35/17          35/17          1/2            37/34          37/34          105/136        
[1,0,0,0,2,0,0,0,1,0,0,0,0,0,0,0]     35/17          35/17          1/2            37/34          37/34          105/136        
[2,0,0,0,0,0,0,0,0,0,0,0,0,0,0,0]     18/17          35/17          9/34           11/34          45/34          47/136         
[2,0,0,0,0,0,0,0,0,0,0,0,2,0,0,0]     35/17          35/17          9/17           18/17          18/17          27/34          
[2,0,0,0,0,0,0,0,1,0,0,0,1,0,0,0]     35/17          35/17          1/2            37/34          37/34          105/136        
[2,0,0,0,0,0,0,0,2,0,0,0,0,0,0,0]     35/17          35/17          9/17           18/17          18/17          27/34          
[2,0,0,0,1,0,0,0,0,0,0,0,1,0,0,0]     35/17          35/17          1/2            37/34          37/34          105/136        
[2,0,0,0,1,0,0,0,1,0,0,0,0,0,0,0]     35/17          35/17          1/2            37/34          37/34          105/136        
[2,0,0,0,2,0,0,0,0,0,0,0,0,0,0,0]     35/17          35/17          9/17           18/17          18/17          27/34          
q(R)>E is potentially violated on: [[0,0,0,0,0,0,0,0,0,0,0,0,0,0,0,0], [0,0,0,0,0,0,0,0,0,0,0,0,2,0,0,0], [0,0,0,0,0,0,0,0,1,0,0,0,1,0,0,0], [0,0,0,0,0,0,0,0,2,0,0,0,0,0,0,0], [0,0,0,0,1,0,0,0,0,0,0,0,1,0,0,0], [0,0,0,0,1,0,0,0,1,0,0,0,0,0,0,0], [0,0,0,0,2,0,0,0,0,0,0,0,0,0,0,0], [1,0,0,0,0,0,0,0,0,0,0,0,1,0,0,0], [1,0,0,0,0,0,0,0,1,0,0,0,0,0,0,0], [1,0,0,0,1,0,0,0,0,0,0,0,0,0,0,0], [2,0,0,0,0,0,0,0,0,0,0,0,0,0,0,0]]
Crude estimate: LL > 2E if CasG > 9/34*sqrt(22) + 93/68, approx. 2.6092
Scanning for 0 <= CasG <= C.
Fourier mode                          CasG           KT?            LL >=          LL >= 2E?      
0                                     0              !              -7/34                         
1e_2                                  1                             13/34                         
2e_1                                  18/17                         27/68                         
1e_1+1e_3                             2                             23/17          >              
2e_2                                  35/17                         91/68          >              
2e_1+1e_2                             36/17                         95/68          >              
4e_1                                  38/17                         103/68         >              

Done!