====== Sym2LowerBounds (2023/01/26, 14:30) for G=D18, H=D3D3D3D3D3D3======

LiE isotropy representation:      1X[0,0,0,0,0,0,0,0,0,0,0,0,1,0,0,1,0,0] +
     1X[0,0,0,0,0,0,0,0,0,1,0,0,0,0,0,1,0,0] +
     1X[0,0,0,0,0,0,0,0,0,1,0,0,1,0,0,0,0,0] +
     1X[0,0,0,0,0,0,1,0,0,0,0,0,0,0,0,1,0,0] +
     1X[0,0,0,0,0,0,1,0,0,0,0,0,1,0,0,0,0,0] +
     1X[0,0,0,0,0,0,1,0,0,1,0,0,0,0,0,0,0,0] +
     1X[0,0,0,1,0,0,0,0,0,0,0,0,0,0,0,1,0,0] +
     1X[0,0,0,1,0,0,0,0,0,0,0,0,1,0,0,0,0,0] +
     1X[0,0,0,1,0,0,0,0,0,1,0,0,0,0,0,0,0,0] +
     1X[0,0,0,1,0,0,1,0,0,0,0,0,0,0,0,0,0,0] +
     1X[1,0,0,0,0,0,0,0,0,0,0,0,0,0,0,1,0,0] +
     1X[1,0,0,0,0,0,0,0,0,0,0,0,1,0,0,0,0,0] +
     1X[1,0,0,0,0,0,0,0,0,1,0,0,0,0,0,0,0,0] +
     1X[1,0,0,0,0,0,1,0,0,0,0,0,0,0,0,0,0,0] +
     1X[1,0,0,1,0,0,0,0,0,0,0,0,0,0,0,0,0,0]
Einstein constant: E=11/34
Isotype in Sym^2_0                        CasGMin        CasGMax        CasH           A*AMin         A*AMax         q(R)Min        
[0,0,0,0,0,0,0,0,0,0,0,0,0,0,0,0,0,0]     18/17          35/17          0              13/17          30/17          13/68          
[0,0,0,0,0,0,0,0,0,0,0,0,0,0,0,2,0,0]     18/17          35/17          3/17           10/17          27/17          11/34          
[0,0,0,0,0,0,0,0,0,0,0,0,0,1,1,0,1,1]     32/17          35/17          4/17           23/17          26/17          39/68          
[0,0,0,0,0,0,0,0,0,0,0,0,1,0,0,1,0,0]     18/17          35/17          5/34           21/34          55/34          41/136         
[0,0,0,0,0,0,0,0,0,0,0,0,2,0,0,0,0,0]     18/17          35/17          3/17           10/17          27/17          11/34          
[0,0,0,0,0,0,0,0,0,0,0,0,2,0,0,2,0,0]     35/17          35/17          6/17           24/17          24/17          12/17          
[0,0,0,0,0,0,0,0,0,0,1,1,0,0,0,0,1,1]     32/17          35/17          4/17           23/17          26/17          39/68          
[0,0,0,0,0,0,0,0,0,0,1,1,0,1,1,0,0,0]     32/17          35/17          4/17           23/17          26/17          39/68          
[0,0,0,0,0,0,0,0,0,0,1,1,1,0,0,1,0,0]     32/17          35/17          9/34           45/34          3/2            81/136         
[0,0,0,0,0,0,0,0,0,1,0,0,0,0,0,1,0,0]     18/17          35/17          5/34           21/34          55/34          41/136         
[0,0,0,0,0,0,0,0,0,1,0,0,0,1,1,1,0,0]     32/17          35/17          9/34           45/34          3/2            81/136         
[0,0,0,0,0,0,0,0,0,1,0,0,1,0,0,0,0,0]     18/17          35/17          5/34           21/34          55/34          41/136         
[0,0,0,0,0,0,0,0,0,1,0,0,1,0,0,0,1,1]     32/17          35/17          9/34           45/34          3/2            81/136         
[0,0,0,0,0,0,0,0,0,1,0,0,1,0,0,2,0,0]     35/17          35/17          11/34          49/34          49/34          93/136         
[0,0,0,0,0,0,0,0,0,1,0,0,2,0,0,1,0,0]     35/17          35/17          11/34          49/34          49/34          93/136         
[0,0,0,0,0,0,0,0,0,2,0,0,0,0,0,0,0,0]     18/17          35/17          3/17           10/17          27/17          11/34          
[0,0,0,0,0,0,0,0,0,2,0,0,0,0,0,2,0,0]     35/17          35/17          6/17           24/17          24/17          12/17          
[0,0,0,0,0,0,0,0,0,2,0,0,1,0,0,1,0,0]     35/17          35/17          11/34          49/34          49/34          93/136         
[0,0,0,0,0,0,0,0,0,2,0,0,2,0,0,0,0,0]     35/17          35/17          6/17           24/17          24/17          12/17          
[0,0,0,0,0,0,0,1,1,0,0,0,0,0,0,0,1,1]     32/17          35/17          4/17           23/17          26/17          39/68          
[0,0,0,0,0,0,0,1,1,0,0,0,0,1,1,0,0,0]     32/17          35/17          4/17           23/17          26/17          39/68          
[0,0,0,0,0,0,0,1,1,0,0,0,1,0,0,1,0,0]     32/17          35/17          9/34           45/34          3/2            81/136         
[0,0,0,0,0,0,0,1,1,0,1,1,0,0,0,0,0,0]     32/17          35/17          4/17           23/17          26/17          39/68          
[0,0,0,0,0,0,0,1,1,1,0,0,0,0,0,1,0,0]     32/17          35/17          9/34           45/34          3/2            81/136         
[0,0,0,0,0,0,0,1,1,1,0,0,1,0,0,0,0,0]     32/17          35/17          9/34           45/34          3/2            81/136         
[0,0,0,0,0,0,1,0,0,0,0,0,0,0,0,1,0,0]     18/17          35/17          5/34           21/34          55/34          41/136         
[0,0,0,0,0,0,1,0,0,0,0,0,0,1,1,1,0,0]     32/17          35/17          9/34           45/34          3/2            81/136         
[0,0,0,0,0,0,1,0,0,0,0,0,1,0,0,0,0,0]     18/17          35/17          5/34           21/34          55/34          41/136         
[0,0,0,0,0,0,1,0,0,0,0,0,1,0,0,0,1,1]     32/17          35/17          9/34           45/34          3/2            81/136         
[0,0,0,0,0,0,1,0,0,0,0,0,1,0,0,2,0,0]     35/17          35/17          11/34          49/34          49/34          93/136         
[0,0,0,0,0,0,1,0,0,0,0,0,2,0,0,1,0,0]     35/17          35/17          11/34          49/34          49/34          93/136         
[0,0,0,0,0,0,1,0,0,0,1,1,0,0,0,1,0,0]     32/17          35/17          9/34           45/34          3/2            81/136         
[0,0,0,0,0,0,1,0,0,0,1,1,1,0,0,0,0,0]     32/17          35/17          9/34           45/34          3/2            81/136         
[0,0,0,0,0,0,1,0,0,1,0,0,0,0,0,0,0,0]     18/17          35/17          5/34           21/34          55/34          41/136         
[0,0,0,0,0,0,1,0,0,1,0,0,0,0,0,0,1,1]     32/17          35/17          9/34           45/34          3/2            81/136         
[0,0,0,0,0,0,1,0,0,1,0,0,0,0,0,2,0,0]     35/17          35/17          11/34          49/34          49/34          93/136         
[0,0,0,0,0,0,1,0,0,1,0,0,0,1,1,0,0,0]     32/17          35/17          9/34           45/34          3/2            81/136         
[0,0,0,0,0,0,1,0,0,1,0,0,1,0,0,1,0,0]     32/17          35/17          5/17           22/17          25/17          21/34          
[0,0,0,0,0,0,1,0,0,1,0,0,2,0,0,0,0,0]     35/17          35/17          11/34          49/34          49/34          93/136         
[0,0,0,0,0,0,1,0,0,2,0,0,0,0,0,1,0,0]     35/17          35/17          11/34          49/34          49/34          93/136         
[0,0,0,0,0,0,1,0,0,2,0,0,1,0,0,0,0,0]     35/17          35/17          11/34          49/34          49/34          93/136         
[0,0,0,0,0,0,2,0,0,0,0,0,0,0,0,0,0,0]     18/17          35/17          3/17           10/17          27/17          11/34          
[0,0,0,0,0,0,2,0,0,0,0,0,0,0,0,2,0,0]     35/17          35/17          6/17           24/17          24/17          12/17          
[0,0,0,0,0,0,2,0,0,0,0,0,1,0,0,1,0,0]     35/17          35/17          11/34          49/34          49/34          93/136         
[0,0,0,0,0,0,2,0,0,0,0,0,2,0,0,0,0,0]     35/17          35/17          6/17           24/17          24/17          12/17          
[0,0,0,0,0,0,2,0,0,1,0,0,0,0,0,1,0,0]     35/17          35/17          11/34          49/34          49/34          93/136         
[0,0,0,0,0,0,2,0,0,1,0,0,1,0,0,0,0,0]     35/17          35/17          11/34          49/34          49/34          93/136         
[0,0,0,0,0,0,2,0,0,2,0,0,0,0,0,0,0,0]     35/17          35/17          6/17           24/17          24/17          12/17          
[0,0,0,0,1,1,0,0,0,0,0,0,0,0,0,0,1,1]     32/17          35/17          4/17           23/17          26/17          39/68          
[0,0,0,0,1,1,0,0,0,0,0,0,0,1,1,0,0,0]     32/17          35/17          4/17           23/17          26/17          39/68          
[0,0,0,0,1,1,0,0,0,0,0,0,1,0,0,1,0,0]     32/17          35/17          9/34           45/34          3/2            81/136         
[0,0,0,0,1,1,0,0,0,0,1,1,0,0,0,0,0,0]     32/17          35/17          4/17           23/17          26/17          39/68          
[0,0,0,0,1,1,0,0,0,1,0,0,0,0,0,1,0,0]     32/17          35/17          9/34           45/34          3/2            81/136         
[0,0,0,0,1,1,0,0,0,1,0,0,1,0,0,0,0,0]     32/17          35/17          9/34           45/34          3/2            81/136         
[0,0,0,0,1,1,0,1,1,0,0,0,0,0,0,0,0,0]     32/17          35/17          4/17           23/17          26/17          39/68          
[0,0,0,0,1,1,1,0,0,0,0,0,0,0,0,1,0,0]     32/17          35/17          9/34           45/34          3/2            81/136         
[0,0,0,0,1,1,1,0,0,0,0,0,1,0,0,0,0,0]     32/17          35/17          9/34           45/34          3/2            81/136         
[0,0,0,0,1,1,1,0,0,1,0,0,0,0,0,0,0,0]     32/17          35/17          9/34           45/34          3/2            81/136         
[0,0,0,1,0,0,0,0,0,0,0,0,0,0,0,1,0,0]     18/17          35/17          5/34           21/34          55/34          41/136         
[0,0,0,1,0,0,0,0,0,0,0,0,0,1,1,1,0,0]     32/17          35/17          9/34           45/34          3/2            81/136         
[0,0,0,1,0,0,0,0,0,0,0,0,1,0,0,0,0,0]     18/17          35/17          5/34           21/34          55/34          41/136         
[0,0,0,1,0,0,0,0,0,0,0,0,1,0,0,0,1,1]     32/17          35/17          9/34           45/34          3/2            81/136         
[0,0,0,1,0,0,0,0,0,0,0,0,1,0,0,2,0,0]     35/17          35/17          11/34          49/34          49/34          93/136         
[0,0,0,1,0,0,0,0,0,0,0,0,2,0,0,1,0,0]     35/17          35/17          11/34          49/34          49/34          93/136         
[0,0,0,1,0,0,0,0,0,0,1,1,0,0,0,1,0,0]     32/17          35/17          9/34           45/34          3/2            81/136         
[0,0,0,1,0,0,0,0,0,0,1,1,1,0,0,0,0,0]     32/17          35/17          9/34           45/34          3/2            81/136         
[0,0,0,1,0,0,0,0,0,1,0,0,0,0,0,0,0,0]     18/17          35/17          5/34           21/34          55/34          41/136         
[0,0,0,1,0,0,0,0,0,1,0,0,0,0,0,0,1,1]     32/17          35/17          9/34           45/34          3/2            81/136         
[0,0,0,1,0,0,0,0,0,1,0,0,0,0,0,2,0,0]     35/17          35/17          11/34          49/34          49/34          93/136         
[0,0,0,1,0,0,0,0,0,1,0,0,0,1,1,0,0,0]     32/17          35/17          9/34           45/34          3/2            81/136         
[0,0,0,1,0,0,0,0,0,1,0,0,1,0,0,1,0,0]     32/17          35/17          5/17           22/17          25/17          21/34          
[0,0,0,1,0,0,0,0,0,1,0,0,2,0,0,0,0,0]     35/17          35/17          11/34          49/34          49/34          93/136         
[0,0,0,1,0,0,0,0,0,2,0,0,0,0,0,1,0,0]     35/17          35/17          11/34          49/34          49/34          93/136         
[0,0,0,1,0,0,0,0,0,2,0,0,1,0,0,0,0,0]     35/17          35/17          11/34          49/34          49/34          93/136         
[0,0,0,1,0,0,0,1,1,0,0,0,0,0,0,1,0,0]     32/17          35/17          9/34           45/34          3/2            81/136         
[0,0,0,1,0,0,0,1,1,0,0,0,1,0,0,0,0,0]     32/17          35/17          9/34           45/34          3/2            81/136         
[0,0,0,1,0,0,0,1,1,1,0,0,0,0,0,0,0,0]     32/17          35/17          9/34           45/34          3/2            81/136         
[0,0,0,1,0,0,1,0,0,0,0,0,0,0,0,0,0,0]     18/17          35/17          5/34           21/34          55/34          41/136         
[0,0,0,1,0,0,1,0,0,0,0,0,0,0,0,0,1,1]     32/17          35/17          9/34           45/34          3/2            81/136         
[0,0,0,1,0,0,1,0,0,0,0,0,0,0,0,2,0,0]     35/17          35/17          11/34          49/34          49/34          93/136         
[0,0,0,1,0,0,1,0,0,0,0,0,0,1,1,0,0,0]     32/17          35/17          9/34           45/34          3/2            81/136         
[0,0,0,1,0,0,1,0,0,0,0,0,1,0,0,1,0,0]     32/17          35/17          5/17           22/17          25/17          21/34          
[0,0,0,1,0,0,1,0,0,0,0,0,2,0,0,0,0,0]     35/17          35/17          11/34          49/34          49/34          93/136         
[0,0,0,1,0,0,1,0,0,0,1,1,0,0,0,0,0,0]     32/17          35/17          9/34           45/34          3/2            81/136         
[0,0,0,1,0,0,1,0,0,1,0,0,0,0,0,1,0,0]     32/17          35/17          5/17           22/17          25/17          21/34          
[0,0,0,1,0,0,1,0,0,1,0,0,1,0,0,0,0,0]     32/17          35/17          5/17           22/17          25/17          21/34          
[0,0,0,1,0,0,1,0,0,2,0,0,0,0,0,0,0,0]     35/17          35/17          11/34          49/34          49/34          93/136         
[0,0,0,1,0,0,2,0,0,0,0,0,0,0,0,1,0,0]     35/17          35/17          11/34          49/34          49/34          93/136         
[0,0,0,1,0,0,2,0,0,0,0,0,1,0,0,0,0,0]     35/17          35/17          11/34          49/34          49/34          93/136         
[0,0,0,1,0,0,2,0,0,1,0,0,0,0,0,0,0,0]     35/17          35/17          11/34          49/34          49/34          93/136         
[0,0,0,2,0,0,0,0,0,0,0,0,0,0,0,0,0,0]     18/17          35/17          3/17           10/17          27/17          11/34          
[0,0,0,2,0,0,0,0,0,0,0,0,0,0,0,2,0,0]     35/17          35/17          6/17           24/17          24/17          12/17          
[0,0,0,2,0,0,0,0,0,0,0,0,1,0,0,1,0,0]     35/17          35/17          11/34          49/34          49/34          93/136         
[0,0,0,2,0,0,0,0,0,0,0,0,2,0,0,0,0,0]     35/17          35/17          6/17           24/17          24/17          12/17          
[0,0,0,2,0,0,0,0,0,1,0,0,0,0,0,1,0,0]     35/17          35/17          11/34          49/34          49/34          93/136         
[0,0,0,2,0,0,0,0,0,1,0,0,1,0,0,0,0,0]     35/17          35/17          11/34          49/34          49/34          93/136         
[0,0,0,2,0,0,0,0,0,2,0,0,0,0,0,0,0,0]     35/17          35/17          6/17           24/17          24/17          12/17          
[0,0,0,2,0,0,1,0,0,0,0,0,0,0,0,1,0,0]     35/17          35/17          11/34          49/34          49/34          93/136         
[0,0,0,2,0,0,1,0,0,0,0,0,1,0,0,0,0,0]     35/17          35/17          11/34          49/34          49/34          93/136         
[0,0,0,2,0,0,1,0,0,1,0,0,0,0,0,0,0,0]     35/17          35/17          11/34          49/34          49/34          93/136         
[0,0,0,2,0,0,2,0,0,0,0,0,0,0,0,0,0,0]     35/17          35/17          6/17           24/17          24/17          12/17          
[0,1,1,0,0,0,0,0,0,0,0,0,0,0,0,0,1,1]     32/17          35/17          4/17           23/17          26/17          39/68          
[0,1,1,0,0,0,0,0,0,0,0,0,0,1,1,0,0,0]     32/17          35/17          4/17           23/17          26/17          39/68          
[0,1,1,0,0,0,0,0,0,0,0,0,1,0,0,1,0,0]     32/17          35/17          9/34           45/34          3/2            81/136         
[0,1,1,0,0,0,0,0,0,0,1,1,0,0,0,0,0,0]     32/17          35/17          4/17           23/17          26/17          39/68          
[0,1,1,0,0,0,0,0,0,1,0,0,0,0,0,1,0,0]     32/17          35/17          9/34           45/34          3/2            81/136         
[0,1,1,0,0,0,0,0,0,1,0,0,1,0,0,0,0,0]     32/17          35/17          9/34           45/34          3/2            81/136         
[0,1,1,0,0,0,0,1,1,0,0,0,0,0,0,0,0,0]     32/17          35/17          4/17           23/17          26/17          39/68          
[0,1,1,0,0,0,1,0,0,0,0,0,0,0,0,1,0,0]     32/17          35/17          9/34           45/34          3/2            81/136         
[0,1,1,0,0,0,1,0,0,0,0,0,1,0,0,0,0,0]     32/17          35/17          9/34           45/34          3/2            81/136         
[0,1,1,0,0,0,1,0,0,1,0,0,0,0,0,0,0,0]     32/17          35/17          9/34           45/34          3/2            81/136         
[0,1,1,0,1,1,0,0,0,0,0,0,0,0,0,0,0,0]     32/17          35/17          4/17           23/17          26/17          39/68          
[0,1,1,1,0,0,0,0,0,0,0,0,0,0,0,1,0,0]     32/17          35/17          9/34           45/34          3/2            81/136         
[0,1,1,1,0,0,0,0,0,0,0,0,1,0,0,0,0,0]     32/17          35/17          9/34           45/34          3/2            81/136         
[0,1,1,1,0,0,0,0,0,1,0,0,0,0,0,0,0,0]     32/17          35/17          9/34           45/34          3/2            81/136         
[0,1,1,1,0,0,1,0,0,0,0,0,0,0,0,0,0,0]     32/17          35/17          9/34           45/34          3/2            81/136         
[1,0,0,0,0,0,0,0,0,0,0,0,0,0,0,1,0,0]     18/17          35/17          5/34           21/34          55/34          41/136         
[1,0,0,0,0,0,0,0,0,0,0,0,0,1,1,1,0,0]     32/17          35/17          9/34           45/34          3/2            81/136         
[1,0,0,0,0,0,0,0,0,0,0,0,1,0,0,0,0,0]     18/17          35/17          5/34           21/34          55/34          41/136         
[1,0,0,0,0,0,0,0,0,0,0,0,1,0,0,0,1,1]     32/17          35/17          9/34           45/34          3/2            81/136         
[1,0,0,0,0,0,0,0,0,0,0,0,1,0,0,2,0,0]     35/17          35/17          11/34          49/34          49/34          93/136         
[1,0,0,0,0,0,0,0,0,0,0,0,2,0,0,1,0,0]     35/17          35/17          11/34          49/34          49/34          93/136         
[1,0,0,0,0,0,0,0,0,0,1,1,0,0,0,1,0,0]     32/17          35/17          9/34           45/34          3/2            81/136         
[1,0,0,0,0,0,0,0,0,0,1,1,1,0,0,0,0,0]     32/17          35/17          9/34           45/34          3/2            81/136         
[1,0,0,0,0,0,0,0,0,1,0,0,0,0,0,0,0,0]     18/17          35/17          5/34           21/34          55/34          41/136         
[1,0,0,0,0,0,0,0,0,1,0,0,0,0,0,0,1,1]     32/17          35/17          9/34           45/34          3/2            81/136         
[1,0,0,0,0,0,0,0,0,1,0,0,0,0,0,2,0,0]     35/17          35/17          11/34          49/34          49/34          93/136         
[1,0,0,0,0,0,0,0,0,1,0,0,0,1,1,0,0,0]     32/17          35/17          9/34           45/34          3/2            81/136         
[1,0,0,0,0,0,0,0,0,1,0,0,1,0,0,1,0,0]     32/17          35/17          5/17           22/17          25/17          21/34          
[1,0,0,0,0,0,0,0,0,1,0,0,2,0,0,0,0,0]     35/17          35/17          11/34          49/34          49/34          93/136         
[1,0,0,0,0,0,0,0,0,2,0,0,0,0,0,1,0,0]     35/17          35/17          11/34          49/34          49/34          93/136         
[1,0,0,0,0,0,0,0,0,2,0,0,1,0,0,0,0,0]     35/17          35/17          11/34          49/34          49/34          93/136         
[1,0,0,0,0,0,0,1,1,0,0,0,0,0,0,1,0,0]     32/17          35/17          9/34           45/34          3/2            81/136         
[1,0,0,0,0,0,0,1,1,0,0,0,1,0,0,0,0,0]     32/17          35/17          9/34           45/34          3/2            81/136         
[1,0,0,0,0,0,0,1,1,1,0,0,0,0,0,0,0,0]     32/17          35/17          9/34           45/34          3/2            81/136         
[1,0,0,0,0,0,1,0,0,0,0,0,0,0,0,0,0,0]     18/17          35/17          5/34           21/34          55/34          41/136         
[1,0,0,0,0,0,1,0,0,0,0,0,0,0,0,0,1,1]     32/17          35/17          9/34           45/34          3/2            81/136         
[1,0,0,0,0,0,1,0,0,0,0,0,0,0,0,2,0,0]     35/17          35/17          11/34          49/34          49/34          93/136         
[1,0,0,0,0,0,1,0,0,0,0,0,0,1,1,0,0,0]     32/17          35/17          9/34           45/34          3/2            81/136         
[1,0,0,0,0,0,1,0,0,0,0,0,1,0,0,1,0,0]     32/17          35/17          5/17           22/17          25/17          21/34          
[1,0,0,0,0,0,1,0,0,0,0,0,2,0,0,0,0,0]     35/17          35/17          11/34          49/34          49/34          93/136         
[1,0,0,0,0,0,1,0,0,0,1,1,0,0,0,0,0,0]     32/17          35/17          9/34           45/34          3/2            81/136         
[1,0,0,0,0,0,1,0,0,1,0,0,0,0,0,1,0,0]     32/17          35/17          5/17           22/17          25/17          21/34          
[1,0,0,0,0,0,1,0,0,1,0,0,1,0,0,0,0,0]     32/17          35/17          5/17           22/17          25/17          21/34          
[1,0,0,0,0,0,1,0,0,2,0,0,0,0,0,0,0,0]     35/17          35/17          11/34          49/34          49/34          93/136         
[1,0,0,0,0,0,2,0,0,0,0,0,0,0,0,1,0,0]     35/17          35/17          11/34          49/34          49/34          93/136         
[1,0,0,0,0,0,2,0,0,0,0,0,1,0,0,0,0,0]     35/17          35/17          11/34          49/34          49/34          93/136         
[1,0,0,0,0,0,2,0,0,1,0,0,0,0,0,0,0,0]     35/17          35/17          11/34          49/34          49/34          93/136         
[1,0,0,0,1,1,0,0,0,0,0,0,0,0,0,1,0,0]     32/17          35/17          9/34           45/34          3/2            81/136         
[1,0,0,0,1,1,0,0,0,0,0,0,1,0,0,0,0,0]     32/17          35/17          9/34           45/34          3/2            81/136         
[1,0,0,0,1,1,0,0,0,1,0,0,0,0,0,0,0,0]     32/17          35/17          9/34           45/34          3/2            81/136         
[1,0,0,0,1,1,1,0,0,0,0,0,0,0,0,0,0,0]     32/17          35/17          9/34           45/34          3/2            81/136         
[1,0,0,1,0,0,0,0,0,0,0,0,0,0,0,0,0,0]     18/17          35/17          5/34           21/34          55/34          41/136         
[1,0,0,1,0,0,0,0,0,0,0,0,0,0,0,0,1,1]     32/17          35/17          9/34           45/34          3/2            81/136         
[1,0,0,1,0,0,0,0,0,0,0,0,0,0,0,2,0,0]     35/17          35/17          11/34          49/34          49/34          93/136         
[1,0,0,1,0,0,0,0,0,0,0,0,0,1,1,0,0,0]     32/17          35/17          9/34           45/34          3/2            81/136         
[1,0,0,1,0,0,0,0,0,0,0,0,1,0,0,1,0,0]     32/17          35/17          5/17           22/17          25/17          21/34          
[1,0,0,1,0,0,0,0,0,0,0,0,2,0,0,0,0,0]     35/17          35/17          11/34          49/34          49/34          93/136         
[1,0,0,1,0,0,0,0,0,0,1,1,0,0,0,0,0,0]     32/17          35/17          9/34           45/34          3/2            81/136         
[1,0,0,1,0,0,0,0,0,1,0,0,0,0,0,1,0,0]     32/17          35/17          5/17           22/17          25/17          21/34          
[1,0,0,1,0,0,0,0,0,1,0,0,1,0,0,0,0,0]     32/17          35/17          5/17           22/17          25/17          21/34          
[1,0,0,1,0,0,0,0,0,2,0,0,0,0,0,0,0,0]     35/17          35/17          11/34          49/34          49/34          93/136         
[1,0,0,1,0,0,0,1,1,0,0,0,0,0,0,0,0,0]     32/17          35/17          9/34           45/34          3/2            81/136         
[1,0,0,1,0,0,1,0,0,0,0,0,0,0,0,1,0,0]     32/17          35/17          5/17           22/17          25/17          21/34          
[1,0,0,1,0,0,1,0,0,0,0,0,1,0,0,0,0,0]     32/17          35/17          5/17           22/17          25/17          21/34          
[1,0,0,1,0,0,1,0,0,1,0,0,0,0,0,0,0,0]     32/17          35/17          5/17           22/17          25/17          21/34          
[1,0,0,1,0,0,2,0,0,0,0,0,0,0,0,0,0,0]     35/17          35/17          11/34          49/34          49/34          93/136         
[1,0,0,2,0,0,0,0,0,0,0,0,0,0,0,1,0,0]     35/17          35/17          11/34          49/34          49/34          93/136         
[1,0,0,2,0,0,0,0,0,0,0,0,1,0,0,0,0,0]     35/17          35/17          11/34          49/34          49/34          93/136         
[1,0,0,2,0,0,0,0,0,1,0,0,0,0,0,0,0,0]     35/17          35/17          11/34          49/34          49/34          93/136         
[1,0,0,2,0,0,1,0,0,0,0,0,0,0,0,0,0,0]     35/17          35/17          11/34          49/34          49/34          93/136         
[2,0,0,0,0,0,0,0,0,0,0,0,0,0,0,0,0,0]     18/17          35/17          3/17           10/17          27/17          11/34          
[2,0,0,0,0,0,0,0,0,0,0,0,0,0,0,2,0,0]     35/17          35/17          6/17           24/17          24/17          12/17          
[2,0,0,0,0,0,0,0,0,0,0,0,1,0,0,1,0,0]     35/17          35/17          11/34          49/34          49/34          93/136         
[2,0,0,0,0,0,0,0,0,0,0,0,2,0,0,0,0,0]     35/17          35/17          6/17           24/17          24/17          12/17          
[2,0,0,0,0,0,0,0,0,1,0,0,0,0,0,1,0,0]     35/17          35/17          11/34          49/34          49/34          93/136         
[2,0,0,0,0,0,0,0,0,1,0,0,1,0,0,0,0,0]     35/17          35/17          11/34          49/34          49/34          93/136         
[2,0,0,0,0,0,0,0,0,2,0,0,0,0,0,0,0,0]     35/17          35/17          6/17           24/17          24/17          12/17          
[2,0,0,0,0,0,1,0,0,0,0,0,0,0,0,1,0,0]     35/17          35/17          11/34          49/34          49/34          93/136         
[2,0,0,0,0,0,1,0,0,0,0,0,1,0,0,0,0,0]     35/17          35/17          11/34          49/34          49/34          93/136         
[2,0,0,0,0,0,1,0,0,1,0,0,0,0,0,0,0,0]     35/17          35/17          11/34          49/34          49/34          93/136         
[2,0,0,0,0,0,2,0,0,0,0,0,0,0,0,0,0,0]     35/17          35/17          6/17           24/17          24/17          12/17          
[2,0,0,1,0,0,0,0,0,0,0,0,0,0,0,1,0,0]     35/17          35/17          11/34          49/34          49/34          93/136         
[2,0,0,1,0,0,0,0,0,0,0,0,1,0,0,0,0,0]     35/17          35/17          11/34          49/34          49/34          93/136         
[2,0,0,1,0,0,0,0,0,1,0,0,0,0,0,0,0,0]     35/17          35/17          11/34          49/34          49/34          93/136         
[2,0,0,1,0,0,1,0,0,0,0,0,0,0,0,0,0,0]     35/17          35/17          11/34          49/34          49/34          93/136         
[2,0,0,2,0,0,0,0,0,0,0,0,0,0,0,0,0,0]     35/17          35/17          6/17           24/17          24/17          12/17          
q(R)>E is potentially violated on: [[0,0,0,0,0,0,0,0,0,0,0,0,0,0,0,0,0,0], [0,0,0,0,0,0,0,0,0,0,0,0,0,0,0,2,0,0], [0,0,0,0,0,0,0,0,0,0,0,0,1,0,0,1,0,0], [0,0,0,0,0,0,0,0,0,0,0,0,2,0,0,0,0,0], [0,0,0,0,0,0,0,0,0,1,0,0,0,0,0,1,0,0], [0,0,0,0,0,0,0,0,0,1,0,0,1,0,0,0,0,0], [0,0,0,0,0,0,0,0,0,2,0,0,0,0,0,0,0,0], [0,0,0,0,0,0,1,0,0,0,0,0,0,0,0,1,0,0], [0,0,0,0,0,0,1,0,0,0,0,0,1,0,0,0,0,0], [0,0,0,0,0,0,1,0,0,1,0,0,0,0,0,0,0,0], [0,0,0,0,0,0,2,0,0,0,0,0,0,0,0,0,0,0], [0,0,0,1,0,0,0,0,0,0,0,0,0,0,0,1,0,0], [0,0,0,1,0,0,0,0,0,0,0,0,1,0,0,0,0,0], [0,0,0,1,0,0,0,0,0,1,0,0,0,0,0,0,0,0], [0,0,0,1,0,0,1,0,0,0,0,0,0,0,0,0,0,0], [0,0,0,2,0,0,0,0,0,0,0,0,0,0,0,0,0,0], [1,0,0,0,0,0,0,0,0,0,0,0,0,0,0,1,0,0], [1,0,0,0,0,0,0,0,0,0,0,0,1,0,0,0,0,0], [1,0,0,0,0,0,0,0,0,1,0,0,0,0,0,0,0,0], [1,0,0,0,0,0,1,0,0,0,0,0,0,0,0,0,0,0], [1,0,0,1,0,0,0,0,0,0,0,0,0,0,0,0,0,0], [2,0,0,0,0,0,0,0,0,0,0,0,0,0,0,0,0,0]]
Crude estimate: LL > 2E if CasG > 9/17*sqrt(5) + 21/17, approx. 2.4191
Scanning for 0 <= CasG <= C.
Fourier mode                              CasG           KT?            LL >=          LL >= 2E?      
0                                         0                             -2/17                         
1e_2                                      1                             41/68                         
2e_1                                      18/17                         21/34                         
1e_1+1e_3                                 2                             107/68         >              
2e_2                                      35/17                         53/34          >              
2e_1+1e_2                                 36/17                         55/34          >              
4e_1                                      38/17                         59/34          >              

Done!