====== Sym2LowerBounds (2023/01/26, 14:30) for G=D18, H=D6D6D6======

LiE isotropy representation:      1X[0,0,0,0,0,0,1,0,0,0,0,0,1,0,0,0,0,0] +
     1X[1,0,0,0,0,0,0,0,0,0,0,0,1,0,0,0,0,0] +
     1X[1,0,0,0,0,0,1,0,0,0,0,0,0,0,0,0,0,0]
Einstein constant: E=7/17
Isotype in Sym^2_0                        CasGMin        CasGMax        CasH           A*AMin         A*AMax         q(R)Min        
[0,0,0,0,0,0,0,0,0,0,0,0,0,0,0,0,0,0]     18/17          35/17          0              7/17           24/17          7/68           
[0,0,0,0,0,0,0,0,0,0,0,0,2,0,0,0,0,0]     18/17          35/17          6/17           1/17           18/17          25/68          
[0,0,0,0,0,0,0,1,0,0,0,0,0,1,0,0,0,0]     32/17          35/17          10/17          11/17          14/17          3/4            
[0,0,0,0,0,0,1,0,0,0,0,0,1,0,0,0,0,0]     18/17          35/17          11/34          3/34           37/34          47/136         
[0,0,0,0,0,0,2,0,0,0,0,0,0,0,0,0,0,0]     18/17          35/17          6/17           1/17           18/17          25/68          
[0,0,0,0,0,0,2,0,0,0,0,0,2,0,0,0,0,0]     35/17          35/17          12/17          12/17          12/17          15/17          
[0,1,0,0,0,0,0,0,0,0,0,0,0,1,0,0,0,0]     32/17          35/17          10/17          11/17          14/17          3/4            
[0,1,0,0,0,0,0,1,0,0,0,0,0,0,0,0,0,0]     32/17          35/17          10/17          11/17          14/17          3/4            
[0,1,0,0,0,0,1,0,0,0,0,0,1,0,0,0,0,0]     32/17          35/17          21/34          21/34          27/34          105/136        
[1,0,0,0,0,0,0,0,0,0,0,0,1,0,0,0,0,0]     18/17          35/17          11/34          3/34           37/34          47/136         
[1,0,0,0,0,0,0,1,0,0,0,0,1,0,0,0,0,0]     32/17          35/17          21/34          21/34          27/34          105/136        
[1,0,0,0,0,0,1,0,0,0,0,0,0,0,0,0,0,0]     18/17          35/17          11/34          3/34           37/34          47/136         
[1,0,0,0,0,0,1,0,0,0,0,0,0,1,0,0,0,0]     32/17          35/17          21/34          21/34          27/34          105/136        
[1,0,0,0,0,0,1,0,0,0,0,0,2,0,0,0,0,0]     35/17          35/17          23/34          25/34          25/34          117/136        
[1,0,0,0,0,0,2,0,0,0,0,0,1,0,0,0,0,0]     35/17          35/17          23/34          25/34          25/34          117/136        
[2,0,0,0,0,0,0,0,0,0,0,0,0,0,0,0,0,0]     18/17          35/17          6/17           1/17           18/17          25/68          
[2,0,0,0,0,0,0,0,0,0,0,0,2,0,0,0,0,0]     35/17          35/17          12/17          12/17          12/17          15/17          
[2,0,0,0,0,0,1,0,0,0,0,0,1,0,0,0,0,0]     35/17          35/17          23/34          25/34          25/34          117/136        
[2,0,0,0,0,0,2,0,0,0,0,0,0,0,0,0,0,0]     35/17          35/17          12/17          12/17          12/17          15/17          
q(R)>E is potentially violated on: [[0,0,0,0,0,0,0,0,0,0,0,0,0,0,0,0,0,0], [0,0,0,0,0,0,0,0,0,0,0,0,2,0,0,0,0,0], [0,0,0,0,0,0,1,0,0,0,0,0,1,0,0,0,0,0], [0,0,0,0,0,0,2,0,0,0,0,0,0,0,0,0,0,0], [1,0,0,0,0,0,0,0,0,0,0,0,1,0,0,0,0,0], [1,0,0,0,0,0,1,0,0,0,0,0,0,0,0,0,0,0], [2,0,0,0,0,0,0,0,0,0,0,0,0,0,0,0,0,0]]
Crude estimate: LL > 2E if CasG > 6/17*sqrt(13) + 3/2, approx. 2.7725
Scanning for 0 <= CasG <= C.
Fourier mode                              CasG           KT?            LL >=          LL >= 2E?      
0                                         0              !              -5/17                         
1e_2                                      1                             7/34                          
2e_1                                      18/17                         3/17                          
1e_1+1e_3                                 2                             77/68          >              
2e_2                                      35/17                         19/17          >              
2e_1+1e_2                                 36/17                         20/17          >              
4e_1                                      38/17                         22/17          >              

Done!