====== Sym2LowerBounds (2023/02/18 18:00) for G=D20, H=B2B2B2B2B2B2B2B2======

LiE isotropy representation:      1X[0,0,0,0,0,0,0,0,0,0,0,0,1,0,1,0] +
     1X[0,0,0,0,0,0,0,0,0,0,1,0,0,0,1,0] +
     1X[0,0,0,0,0,0,0,0,0,0,1,0,1,0,0,0] +
     1X[0,0,0,0,0,0,0,0,1,0,0,0,0,0,1,0] +
     1X[0,0,0,0,0,0,0,0,1,0,0,0,1,0,0,0] +
     1X[0,0,0,0,0,0,0,0,1,0,1,0,0,0,0,0] +
     1X[0,0,0,0,0,0,1,0,0,0,0,0,0,0,1,0] +
     1X[0,0,0,0,0,0,1,0,0,0,0,0,1,0,0,0] +
     1X[0,0,0,0,0,0,1,0,0,0,1,0,0,0,0,0] +
     1X[0,0,0,0,0,0,1,0,1,0,0,0,0,0,0,0] +
     1X[0,0,0,0,1,0,0,0,0,0,0,0,0,0,1,0] +
     1X[0,0,0,0,1,0,0,0,0,0,0,0,1,0,0,0] +
     1X[0,0,0,0,1,0,0,0,0,0,1,0,0,0,0,0] +
     1X[0,0,0,0,1,0,0,0,1,0,0,0,0,0,0,0] +
     1X[0,0,0,0,1,0,1,0,0,0,0,0,0,0,0,0] +
     1X[0,0,1,0,0,0,0,0,0,0,0,0,0,0,1,0] +
     1X[0,0,1,0,0,0,0,0,0,0,0,0,1,0,0,0] +
     1X[0,0,1,0,0,0,0,0,0,0,1,0,0,0,0,0] +
     1X[0,0,1,0,0,0,0,0,1,0,0,0,0,0,0,0] +
     1X[0,0,1,0,0,0,1,0,0,0,0,0,0,0,0,0] +
     1X[0,0,1,0,1,0,0,0,0,0,0,0,0,0,0,0] +
     1X[1,0,0,0,0,0,0,0,0,0,0,0,0,0,1,0] +
     1X[1,0,0,0,0,0,0,0,0,0,0,0,1,0,0,0] +
     1X[1,0,0,0,0,0,0,0,0,0,1,0,0,0,0,0] +
     1X[1,0,0,0,0,0,0,0,1,0,0,0,0,0,0,0] +
     1X[1,0,0,0,0,0,1,0,0,0,0,0,0,0,0,0] +
     1X[1,0,0,0,1,0,0,0,0,0,0,0,0,0,0,0] +
     1X[1,0,1,0,0,0,0,0,0,0,0,0,0,0,0,0]
Einstein constant: E=23/76
Isotype in Sym^2_0                    CasGMin        CasGMax        CasH           A*AMin         A*AMax         q(R)Min        
[0,0,0,0,0,0,0,0,0,0,0,0,0,0,0,0]     20/19          39/19          0              16/19          35/19          4/19           
[0,0,0,0,0,0,0,0,0,0,0,0,0,0,2,0]     20/19          39/19          5/38           27/38          65/38          47/152         
[0,0,0,0,0,0,0,0,0,0,0,0,0,2,0,2]     36/19          39/19          3/19           29/19          32/19          41/76          
[0,0,0,0,0,0,0,0,0,0,0,0,1,0,1,0]     20/19          39/19          2/19           14/19          33/19          11/38          
[0,0,0,0,0,0,0,0,0,0,0,0,2,0,0,0]     20/19          39/19          5/38           27/38          65/38          47/152         
[0,0,0,0,0,0,0,0,0,0,0,0,2,0,2,0]     39/19          39/19          5/19           30/19          30/19          25/38          
[0,0,0,0,0,0,0,0,0,0,0,2,0,0,0,2]     36/19          39/19          3/19           29/19          32/19          41/76          
[0,0,0,0,0,0,0,0,0,0,0,2,0,2,0,0]     36/19          39/19          3/19           29/19          32/19          41/76          
[0,0,0,0,0,0,0,0,0,0,0,2,1,0,1,0]     36/19          39/19          7/38           3/2            63/38          85/152         
[0,0,0,0,0,0,0,0,0,0,1,0,0,0,1,0]     20/19          39/19          2/19           14/19          33/19          11/38          
[0,0,0,0,0,0,0,0,0,0,1,0,0,2,1,0]     36/19          39/19          7/38           3/2            63/38          85/152         
[0,0,0,0,0,0,0,0,0,0,1,0,1,0,0,0]     20/19          39/19          2/19           14/19          33/19          11/38          
[0,0,0,0,0,0,0,0,0,0,1,0,1,0,0,2]     36/19          39/19          7/38           3/2            63/38          85/152         
[0,0,0,0,0,0,0,0,0,0,1,0,1,0,2,0]     39/19          39/19          9/38           61/38          61/38          97/152         
[0,0,0,0,0,0,0,0,0,0,1,0,2,0,1,0]     39/19          39/19          9/38           61/38          61/38          97/152         
[0,0,0,0,0,0,0,0,0,0,2,0,0,0,0,0]     20/19          39/19          5/38           27/38          65/38          47/152         
[0,0,0,0,0,0,0,0,0,0,2,0,0,0,2,0]     39/19          39/19          5/19           30/19          30/19          25/38          
[0,0,0,0,0,0,0,0,0,0,2,0,1,0,1,0]     39/19          39/19          9/38           61/38          61/38          97/152         
[0,0,0,0,0,0,0,0,0,0,2,0,2,0,0,0]     39/19          39/19          5/19           30/19          30/19          25/38          
[0,0,0,0,0,0,0,0,0,2,0,0,0,0,0,2]     36/19          39/19          3/19           29/19          32/19          41/76          
[0,0,0,0,0,0,0,0,0,2,0,0,0,2,0,0]     36/19          39/19          3/19           29/19          32/19          41/76          
[0,0,0,0,0,0,0,0,0,2,0,0,1,0,1,0]     36/19          39/19          7/38           3/2            63/38          85/152         
[0,0,0,0,0,0,0,0,0,2,0,2,0,0,0,0]     36/19          39/19          3/19           29/19          32/19          41/76          
[0,0,0,0,0,0,0,0,0,2,1,0,0,0,1,0]     36/19          39/19          7/38           3/2            63/38          85/152         
[0,0,0,0,0,0,0,0,0,2,1,0,1,0,0,0]     36/19          39/19          7/38           3/2            63/38          85/152         
[0,0,0,0,0,0,0,0,1,0,0,0,0,0,1,0]     20/19          39/19          2/19           14/19          33/19          11/38          
[0,0,0,0,0,0,0,0,1,0,0,0,0,2,1,0]     36/19          39/19          7/38           3/2            63/38          85/152         
[0,0,0,0,0,0,0,0,1,0,0,0,1,0,0,0]     20/19          39/19          2/19           14/19          33/19          11/38          
[0,0,0,0,0,0,0,0,1,0,0,0,1,0,0,2]     36/19          39/19          7/38           3/2            63/38          85/152         
[0,0,0,0,0,0,0,0,1,0,0,0,1,0,2,0]     39/19          39/19          9/38           61/38          61/38          97/152         
[0,0,0,0,0,0,0,0,1,0,0,0,2,0,1,0]     39/19          39/19          9/38           61/38          61/38          97/152         
[0,0,0,0,0,0,0,0,1,0,0,2,0,0,1,0]     36/19          39/19          7/38           3/2            63/38          85/152         
[0,0,0,0,0,0,0,0,1,0,0,2,1,0,0,0]     36/19          39/19          7/38           3/2            63/38          85/152         
[0,0,0,0,0,0,0,0,1,0,1,0,0,0,0,0]     20/19          39/19          2/19           14/19          33/19          11/38          
[0,0,0,0,0,0,0,0,1,0,1,0,0,0,0,2]     36/19          39/19          7/38           3/2            63/38          85/152         
[0,0,0,0,0,0,0,0,1,0,1,0,0,0,2,0]     39/19          39/19          9/38           61/38          61/38          97/152         
[0,0,0,0,0,0,0,0,1,0,1,0,0,2,0,0]     36/19          39/19          7/38           3/2            63/38          85/152         
[0,0,0,0,0,0,0,0,1,0,1,0,1,0,1,0]     36/19          39/19          4/19           28/19          31/19          11/19          
[0,0,0,0,0,0,0,0,1,0,1,0,2,0,0,0]     39/19          39/19          9/38           61/38          61/38          97/152         
[0,0,0,0,0,0,0,0,1,0,2,0,0,0,1,0]     39/19          39/19          9/38           61/38          61/38          97/152         
[0,0,0,0,0,0,0,0,1,0,2,0,1,0,0,0]     39/19          39/19          9/38           61/38          61/38          97/152         
[0,0,0,0,0,0,0,0,2,0,0,0,0,0,0,0]     20/19          39/19          5/38           27/38          65/38          47/152         
[0,0,0,0,0,0,0,0,2,0,0,0,0,0,2,0]     39/19          39/19          5/19           30/19          30/19          25/38          
[0,0,0,0,0,0,0,0,2,0,0,0,1,0,1,0]     39/19          39/19          9/38           61/38          61/38          97/152         
[0,0,0,0,0,0,0,0,2,0,0,0,2,0,0,0]     39/19          39/19          5/19           30/19          30/19          25/38          
[0,0,0,0,0,0,0,0,2,0,1,0,0,0,1,0]     39/19          39/19          9/38           61/38          61/38          97/152         
[0,0,0,0,0,0,0,0,2,0,1,0,1,0,0,0]     39/19          39/19          9/38           61/38          61/38          97/152         
[0,0,0,0,0,0,0,0,2,0,2,0,0,0,0,0]     39/19          39/19          5/19           30/19          30/19          25/38          
[0,0,0,0,0,0,0,2,0,0,0,0,0,0,0,2]     36/19          39/19          3/19           29/19          32/19          41/76          
[0,0,0,0,0,0,0,2,0,0,0,0,0,2,0,0]     36/19          39/19          3/19           29/19          32/19          41/76          
[0,0,0,0,0,0,0,2,0,0,0,0,1,0,1,0]     36/19          39/19          7/38           3/2            63/38          85/152         
[0,0,0,0,0,0,0,2,0,0,0,2,0,0,0,0]     36/19          39/19          3/19           29/19          32/19          41/76          
[0,0,0,0,0,0,0,2,0,0,1,0,0,0,1,0]     36/19          39/19          7/38           3/2            63/38          85/152         
[0,0,0,0,0,0,0,2,0,0,1,0,1,0,0,0]     36/19          39/19          7/38           3/2            63/38          85/152         
[0,0,0,0,0,0,0,2,0,2,0,0,0,0,0,0]     36/19          39/19          3/19           29/19          32/19          41/76          
[0,0,0,0,0,0,0,2,1,0,0,0,0,0,1,0]     36/19          39/19          7/38           3/2            63/38          85/152         
[0,0,0,0,0,0,0,2,1,0,0,0,1,0,0,0]     36/19          39/19          7/38           3/2            63/38          85/152         
[0,0,0,0,0,0,0,2,1,0,1,0,0,0,0,0]     36/19          39/19          7/38           3/2            63/38          85/152         
[0,0,0,0,0,0,1,0,0,0,0,0,0,0,1,0]     20/19          39/19          2/19           14/19          33/19          11/38          
[0,0,0,0,0,0,1,0,0,0,0,0,0,2,1,0]     36/19          39/19          7/38           3/2            63/38          85/152         
[0,0,0,0,0,0,1,0,0,0,0,0,1,0,0,0]     20/19          39/19          2/19           14/19          33/19          11/38          
[0,0,0,0,0,0,1,0,0,0,0,0,1,0,0,2]     36/19          39/19          7/38           3/2            63/38          85/152         
[0,0,0,0,0,0,1,0,0,0,0,0,1,0,2,0]     39/19          39/19          9/38           61/38          61/38          97/152         
[0,0,0,0,0,0,1,0,0,0,0,0,2,0,1,0]     39/19          39/19          9/38           61/38          61/38          97/152         
[0,0,0,0,0,0,1,0,0,0,0,2,0,0,1,0]     36/19          39/19          7/38           3/2            63/38          85/152         
[0,0,0,0,0,0,1,0,0,0,0,2,1,0,0,0]     36/19          39/19          7/38           3/2            63/38          85/152         
[0,0,0,0,0,0,1,0,0,0,1,0,0,0,0,0]     20/19          39/19          2/19           14/19          33/19          11/38          
[0,0,0,0,0,0,1,0,0,0,1,0,0,0,0,2]     36/19          39/19          7/38           3/2            63/38          85/152         
[0,0,0,0,0,0,1,0,0,0,1,0,0,0,2,0]     39/19          39/19          9/38           61/38          61/38          97/152         
[0,0,0,0,0,0,1,0,0,0,1,0,0,2,0,0]     36/19          39/19          7/38           3/2            63/38          85/152         
[0,0,0,0,0,0,1,0,0,0,1,0,1,0,1,0]     36/19          39/19          4/19           28/19          31/19          11/19          
[0,0,0,0,0,0,1,0,0,0,1,0,2,0,0,0]     39/19          39/19          9/38           61/38          61/38          97/152         
[0,0,0,0,0,0,1,0,0,0,2,0,0,0,1,0]     39/19          39/19          9/38           61/38          61/38          97/152         
[0,0,0,0,0,0,1,0,0,0,2,0,1,0,0,0]     39/19          39/19          9/38           61/38          61/38          97/152         
[0,0,0,0,0,0,1,0,0,2,0,0,0,0,1,0]     36/19          39/19          7/38           3/2            63/38          85/152         
[0,0,0,0,0,0,1,0,0,2,0,0,1,0,0,0]     36/19          39/19          7/38           3/2            63/38          85/152         
[0,0,0,0,0,0,1,0,0,2,1,0,0,0,0,0]     36/19          39/19          7/38           3/2            63/38          85/152         
[0,0,0,0,0,0,1,0,1,0,0,0,0,0,0,0]     20/19          39/19          2/19           14/19          33/19          11/38          
[0,0,0,0,0,0,1,0,1,0,0,0,0,0,0,2]     36/19          39/19          7/38           3/2            63/38          85/152         
[0,0,0,0,0,0,1,0,1,0,0,0,0,0,2,0]     39/19          39/19          9/38           61/38          61/38          97/152         
[0,0,0,0,0,0,1,0,1,0,0,0,0,2,0,0]     36/19          39/19          7/38           3/2            63/38          85/152         
[0,0,0,0,0,0,1,0,1,0,0,0,1,0,1,0]     36/19          39/19          4/19           28/19          31/19          11/19          
[0,0,0,0,0,0,1,0,1,0,0,0,2,0,0,0]     39/19          39/19          9/38           61/38          61/38          97/152         
[0,0,0,0,0,0,1,0,1,0,0,2,0,0,0,0]     36/19          39/19          7/38           3/2            63/38          85/152         
[0,0,0,0,0,0,1,0,1,0,1,0,0,0,1,0]     36/19          39/19          4/19           28/19          31/19          11/19          
[0,0,0,0,0,0,1,0,1,0,1,0,1,0,0,0]     36/19          39/19          4/19           28/19          31/19          11/19          
[0,0,0,0,0,0,1,0,1,0,2,0,0,0,0,0]     39/19          39/19          9/38           61/38          61/38          97/152         
[0,0,0,0,0,0,1,0,2,0,0,0,0,0,1,0]     39/19          39/19          9/38           61/38          61/38          97/152         
[0,0,0,0,0,0,1,0,2,0,0,0,1,0,0,0]     39/19          39/19          9/38           61/38          61/38          97/152         
[0,0,0,0,0,0,1,0,2,0,1,0,0,0,0,0]     39/19          39/19          9/38           61/38          61/38          97/152         
[0,0,0,0,0,0,2,0,0,0,0,0,0,0,0,0]     20/19          39/19          5/38           27/38          65/38          47/152         
[0,0,0,0,0,0,2,0,0,0,0,0,0,0,2,0]     39/19          39/19          5/19           30/19          30/19          25/38          
[0,0,0,0,0,0,2,0,0,0,0,0,1,0,1,0]     39/19          39/19          9/38           61/38          61/38          97/152         
[0,0,0,0,0,0,2,0,0,0,0,0,2,0,0,0]     39/19          39/19          5/19           30/19          30/19          25/38          
[0,0,0,0,0,0,2,0,0,0,1,0,0,0,1,0]     39/19          39/19          9/38           61/38          61/38          97/152         
[0,0,0,0,0,0,2,0,0,0,1,0,1,0,0,0]     39/19          39/19          9/38           61/38          61/38          97/152         
[0,0,0,0,0,0,2,0,0,0,2,0,0,0,0,0]     39/19          39/19          5/19           30/19          30/19          25/38          
[0,0,0,0,0,0,2,0,1,0,0,0,0,0,1,0]     39/19          39/19          9/38           61/38          61/38          97/152         
[0,0,0,0,0,0,2,0,1,0,0,0,1,0,0,0]     39/19          39/19          9/38           61/38          61/38          97/152         
[0,0,0,0,0,0,2,0,1,0,1,0,0,0,0,0]     39/19          39/19          9/38           61/38          61/38          97/152         
[0,0,0,0,0,0,2,0,2,0,0,0,0,0,0,0]     39/19          39/19          5/19           30/19          30/19          25/38          
[0,0,0,0,0,2,0,0,0,0,0,0,0,0,0,2]     36/19          39/19          3/19           29/19          32/19          41/76          
[0,0,0,0,0,2,0,0,0,0,0,0,0,2,0,0]     36/19          39/19          3/19           29/19          32/19          41/76          
[0,0,0,0,0,2,0,0,0,0,0,0,1,0,1,0]     36/19          39/19          7/38           3/2            63/38          85/152         
[0,0,0,0,0,2,0,0,0,0,0,2,0,0,0,0]     36/19          39/19          3/19           29/19          32/19          41/76          
[0,0,0,0,0,2,0,0,0,0,1,0,0,0,1,0]     36/19          39/19          7/38           3/2            63/38          85/152         
[0,0,0,0,0,2,0,0,0,0,1,0,1,0,0,0]     36/19          39/19          7/38           3/2            63/38          85/152         
[0,0,0,0,0,2,0,0,0,2,0,0,0,0,0,0]     36/19          39/19          3/19           29/19          32/19          41/76          
[0,0,0,0,0,2,0,0,1,0,0,0,0,0,1,0]     36/19          39/19          7/38           3/2            63/38          85/152         
[0,0,0,0,0,2,0,0,1,0,0,0,1,0,0,0]     36/19          39/19          7/38           3/2            63/38          85/152         
[0,0,0,0,0,2,0,0,1,0,1,0,0,0,0,0]     36/19          39/19          7/38           3/2            63/38          85/152         
[0,0,0,0,0,2,0,2,0,0,0,0,0,0,0,0]     36/19          39/19          3/19           29/19          32/19          41/76          
[0,0,0,0,0,2,1,0,0,0,0,0,0,0,1,0]     36/19          39/19          7/38           3/2            63/38          85/152         
[0,0,0,0,0,2,1,0,0,0,0,0,1,0,0,0]     36/19          39/19          7/38           3/2            63/38          85/152         
[0,0,0,0,0,2,1,0,0,0,1,0,0,0,0,0]     36/19          39/19          7/38           3/2            63/38          85/152         
[0,0,0,0,0,2,1,0,1,0,0,0,0,0,0,0]     36/19          39/19          7/38           3/2            63/38          85/152         
[0,0,0,0,1,0,0,0,0,0,0,0,0,0,1,0]     20/19          39/19          2/19           14/19          33/19          11/38          
[0,0,0,0,1,0,0,0,0,0,0,0,0,2,1,0]     36/19          39/19          7/38           3/2            63/38          85/152         
[0,0,0,0,1,0,0,0,0,0,0,0,1,0,0,0]     20/19          39/19          2/19           14/19          33/19          11/38          
[0,0,0,0,1,0,0,0,0,0,0,0,1,0,0,2]     36/19          39/19          7/38           3/2            63/38          85/152         
[0,0,0,0,1,0,0,0,0,0,0,0,1,0,2,0]     39/19          39/19          9/38           61/38          61/38          97/152         
[0,0,0,0,1,0,0,0,0,0,0,0,2,0,1,0]     39/19          39/19          9/38           61/38          61/38          97/152         
[0,0,0,0,1,0,0,0,0,0,0,2,0,0,1,0]     36/19          39/19          7/38           3/2            63/38          85/152         
[0,0,0,0,1,0,0,0,0,0,0,2,1,0,0,0]     36/19          39/19          7/38           3/2            63/38          85/152         
[0,0,0,0,1,0,0,0,0,0,1,0,0,0,0,0]     20/19          39/19          2/19           14/19          33/19          11/38          
[0,0,0,0,1,0,0,0,0,0,1,0,0,0,0,2]     36/19          39/19          7/38           3/2            63/38          85/152         
[0,0,0,0,1,0,0,0,0,0,1,0,0,0,2,0]     39/19          39/19          9/38           61/38          61/38          97/152         
[0,0,0,0,1,0,0,0,0,0,1,0,0,2,0,0]     36/19          39/19          7/38           3/2            63/38          85/152         
[0,0,0,0,1,0,0,0,0,0,1,0,1,0,1,0]     36/19          39/19          4/19           28/19          31/19          11/19          
[0,0,0,0,1,0,0,0,0,0,1,0,2,0,0,0]     39/19          39/19          9/38           61/38          61/38          97/152         
[0,0,0,0,1,0,0,0,0,0,2,0,0,0,1,0]     39/19          39/19          9/38           61/38          61/38          97/152         
[0,0,0,0,1,0,0,0,0,0,2,0,1,0,0,0]     39/19          39/19          9/38           61/38          61/38          97/152         
[0,0,0,0,1,0,0,0,0,2,0,0,0,0,1,0]     36/19          39/19          7/38           3/2            63/38          85/152         
[0,0,0,0,1,0,0,0,0,2,0,0,1,0,0,0]     36/19          39/19          7/38           3/2            63/38          85/152         
[0,0,0,0,1,0,0,0,0,2,1,0,0,0,0,0]     36/19          39/19          7/38           3/2            63/38          85/152         
[0,0,0,0,1,0,0,0,1,0,0,0,0,0,0,0]     20/19          39/19          2/19           14/19          33/19          11/38          
[0,0,0,0,1,0,0,0,1,0,0,0,0,0,0,2]     36/19          39/19          7/38           3/2            63/38          85/152         
[0,0,0,0,1,0,0,0,1,0,0,0,0,0,2,0]     39/19          39/19          9/38           61/38          61/38          97/152         
[0,0,0,0,1,0,0,0,1,0,0,0,0,2,0,0]     36/19          39/19          7/38           3/2            63/38          85/152         
[0,0,0,0,1,0,0,0,1,0,0,0,1,0,1,0]     36/19          39/19          4/19           28/19          31/19          11/19          
[0,0,0,0,1,0,0,0,1,0,0,0,2,0,0,0]     39/19          39/19          9/38           61/38          61/38          97/152         
[0,0,0,0,1,0,0,0,1,0,0,2,0,0,0,0]     36/19          39/19          7/38           3/2            63/38          85/152         
[0,0,0,0,1,0,0,0,1,0,1,0,0,0,1,0]     36/19          39/19          4/19           28/19          31/19          11/19          
[0,0,0,0,1,0,0,0,1,0,1,0,1,0,0,0]     36/19          39/19          4/19           28/19          31/19          11/19          
[0,0,0,0,1,0,0,0,1,0,2,0,0,0,0,0]     39/19          39/19          9/38           61/38          61/38          97/152         
[0,0,0,0,1,0,0,0,2,0,0,0,0,0,1,0]     39/19          39/19          9/38           61/38          61/38          97/152         
[0,0,0,0,1,0,0,0,2,0,0,0,1,0,0,0]     39/19          39/19          9/38           61/38          61/38          97/152         
[0,0,0,0,1,0,0,0,2,0,1,0,0,0,0,0]     39/19          39/19          9/38           61/38          61/38          97/152         
[0,0,0,0,1,0,0,2,0,0,0,0,0,0,1,0]     36/19          39/19          7/38           3/2            63/38          85/152         
[0,0,0,0,1,0,0,2,0,0,0,0,1,0,0,0]     36/19          39/19          7/38           3/2            63/38          85/152         
[0,0,0,0,1,0,0,2,0,0,1,0,0,0,0,0]     36/19          39/19          7/38           3/2            63/38          85/152         
[0,0,0,0,1,0,0,2,1,0,0,0,0,0,0,0]     36/19          39/19          7/38           3/2            63/38          85/152         
[0,0,0,0,1,0,1,0,0,0,0,0,0,0,0,0]     20/19          39/19          2/19           14/19          33/19          11/38          
[0,0,0,0,1,0,1,0,0,0,0,0,0,0,0,2]     36/19          39/19          7/38           3/2            63/38          85/152         
[0,0,0,0,1,0,1,0,0,0,0,0,0,0,2,0]     39/19          39/19          9/38           61/38          61/38          97/152         
[0,0,0,0,1,0,1,0,0,0,0,0,0,2,0,0]     36/19          39/19          7/38           3/2            63/38          85/152         
[0,0,0,0,1,0,1,0,0,0,0,0,1,0,1,0]     36/19          39/19          4/19           28/19          31/19          11/19          
[0,0,0,0,1,0,1,0,0,0,0,0,2,0,0,0]     39/19          39/19          9/38           61/38          61/38          97/152         
[0,0,0,0,1,0,1,0,0,0,0,2,0,0,0,0]     36/19          39/19          7/38           3/2            63/38          85/152         
[0,0,0,0,1,0,1,0,0,0,1,0,0,0,1,0]     36/19          39/19          4/19           28/19          31/19          11/19          
[0,0,0,0,1,0,1,0,0,0,1,0,1,0,0,0]     36/19          39/19          4/19           28/19          31/19          11/19          
[0,0,0,0,1,0,1,0,0,0,2,0,0,0,0,0]     39/19          39/19          9/38           61/38          61/38          97/152         
[0,0,0,0,1,0,1,0,0,2,0,0,0,0,0,0]     36/19          39/19          7/38           3/2            63/38          85/152         
[0,0,0,0,1,0,1,0,1,0,0,0,0,0,1,0]     36/19          39/19          4/19           28/19          31/19          11/19          
[0,0,0,0,1,0,1,0,1,0,0,0,1,0,0,0]     36/19          39/19          4/19           28/19          31/19          11/19          
[0,0,0,0,1,0,1,0,1,0,1,0,0,0,0,0]     36/19          39/19          4/19           28/19          31/19          11/19          
[0,0,0,0,1,0,1,0,2,0,0,0,0,0,0,0]     39/19          39/19          9/38           61/38          61/38          97/152         
[0,0,0,0,1,0,2,0,0,0,0,0,0,0,1,0]     39/19          39/19          9/38           61/38          61/38          97/152         
[0,0,0,0,1,0,2,0,0,0,0,0,1,0,0,0]     39/19          39/19          9/38           61/38          61/38          97/152         
[0,0,0,0,1,0,2,0,0,0,1,0,0,0,0,0]     39/19          39/19          9/38           61/38          61/38          97/152         
[0,0,0,0,1,0,2,0,1,0,0,0,0,0,0,0]     39/19          39/19          9/38           61/38          61/38          97/152         
[0,0,0,0,2,0,0,0,0,0,0,0,0,0,0,0]     20/19          39/19          5/38           27/38          65/38          47/152         
[0,0,0,0,2,0,0,0,0,0,0,0,0,0,2,0]     39/19          39/19          5/19           30/19          30/19          25/38          
[0,0,0,0,2,0,0,0,0,0,0,0,1,0,1,0]     39/19          39/19          9/38           61/38          61/38          97/152         
[0,0,0,0,2,0,0,0,0,0,0,0,2,0,0,0]     39/19          39/19          5/19           30/19          30/19          25/38          
[0,0,0,0,2,0,0,0,0,0,1,0,0,0,1,0]     39/19          39/19          9/38           61/38          61/38          97/152         
[0,0,0,0,2,0,0,0,0,0,1,0,1,0,0,0]     39/19          39/19          9/38           61/38          61/38          97/152         
[0,0,0,0,2,0,0,0,0,0,2,0,0,0,0,0]     39/19          39/19          5/19           30/19          30/19          25/38          
[0,0,0,0,2,0,0,0,1,0,0,0,0,0,1,0]     39/19          39/19          9/38           61/38          61/38          97/152         
[0,0,0,0,2,0,0,0,1,0,0,0,1,0,0,0]     39/19          39/19          9/38           61/38          61/38          97/152         
[0,0,0,0,2,0,0,0,1,0,1,0,0,0,0,0]     39/19          39/19          9/38           61/38          61/38          97/152         
[0,0,0,0,2,0,0,0,2,0,0,0,0,0,0,0]     39/19          39/19          5/19           30/19          30/19          25/38          
[0,0,0,0,2,0,1,0,0,0,0,0,0,0,1,0]     39/19          39/19          9/38           61/38          61/38          97/152         
[0,0,0,0,2,0,1,0,0,0,0,0,1,0,0,0]     39/19          39/19          9/38           61/38          61/38          97/152         
[0,0,0,0,2,0,1,0,0,0,1,0,0,0,0,0]     39/19          39/19          9/38           61/38          61/38          97/152         
[0,0,0,0,2,0,1,0,1,0,0,0,0,0,0,0]     39/19          39/19          9/38           61/38          61/38          97/152         
[0,0,0,0,2,0,2,0,0,0,0,0,0,0,0,0]     39/19          39/19          5/19           30/19          30/19          25/38          
[0,0,0,2,0,0,0,0,0,0,0,0,0,0,0,2]     36/19          39/19          3/19           29/19          32/19          41/76          
[0,0,0,2,0,0,0,0,0,0,0,0,0,2,0,0]     36/19          39/19          3/19           29/19          32/19          41/76          
[0,0,0,2,0,0,0,0,0,0,0,0,1,0,1,0]     36/19          39/19          7/38           3/2            63/38          85/152         
[0,0,0,2,0,0,0,0,0,0,0,2,0,0,0,0]     36/19          39/19          3/19           29/19          32/19          41/76          
[0,0,0,2,0,0,0,0,0,0,1,0,0,0,1,0]     36/19          39/19          7/38           3/2            63/38          85/152         
[0,0,0,2,0,0,0,0,0,0,1,0,1,0,0,0]     36/19          39/19          7/38           3/2            63/38          85/152         
[0,0,0,2,0,0,0,0,0,2,0,0,0,0,0,0]     36/19          39/19          3/19           29/19          32/19          41/76          
[0,0,0,2,0,0,0,0,1,0,0,0,0,0,1,0]     36/19          39/19          7/38           3/2            63/38          85/152         
[0,0,0,2,0,0,0,0,1,0,0,0,1,0,0,0]     36/19          39/19          7/38           3/2            63/38          85/152         
[0,0,0,2,0,0,0,0,1,0,1,0,0,0,0,0]     36/19          39/19          7/38           3/2            63/38          85/152         
[0,0,0,2,0,0,0,2,0,0,0,0,0,0,0,0]     36/19          39/19          3/19           29/19          32/19          41/76          
[0,0,0,2,0,0,1,0,0,0,0,0,0,0,1,0]     36/19          39/19          7/38           3/2            63/38          85/152         
[0,0,0,2,0,0,1,0,0,0,0,0,1,0,0,0]     36/19          39/19          7/38           3/2            63/38          85/152         
[0,0,0,2,0,0,1,0,0,0,1,0,0,0,0,0]     36/19          39/19          7/38           3/2            63/38          85/152         
[0,0,0,2,0,0,1,0,1,0,0,0,0,0,0,0]     36/19          39/19          7/38           3/2            63/38          85/152         
[0,0,0,2,0,2,0,0,0,0,0,0,0,0,0,0]     36/19          39/19          3/19           29/19          32/19          41/76          
[0,0,0,2,1,0,0,0,0,0,0,0,0,0,1,0]     36/19          39/19          7/38           3/2            63/38          85/152         
[0,0,0,2,1,0,0,0,0,0,0,0,1,0,0,0]     36/19          39/19          7/38           3/2            63/38          85/152         
[0,0,0,2,1,0,0,0,0,0,1,0,0,0,0,0]     36/19          39/19          7/38           3/2            63/38          85/152         
[0,0,0,2,1,0,0,0,1,0,0,0,0,0,0,0]     36/19          39/19          7/38           3/2            63/38          85/152         
[0,0,0,2,1,0,1,0,0,0,0,0,0,0,0,0]     36/19          39/19          7/38           3/2            63/38          85/152         
[0,0,1,0,0,0,0,0,0,0,0,0,0,0,1,0]     20/19          39/19          2/19           14/19          33/19          11/38          
[0,0,1,0,0,0,0,0,0,0,0,0,0,2,1,0]     36/19          39/19          7/38           3/2            63/38          85/152         
[0,0,1,0,0,0,0,0,0,0,0,0,1,0,0,0]     20/19          39/19          2/19           14/19          33/19          11/38          
[0,0,1,0,0,0,0,0,0,0,0,0,1,0,0,2]     36/19          39/19          7/38           3/2            63/38          85/152         
[0,0,1,0,0,0,0,0,0,0,0,0,1,0,2,0]     39/19          39/19          9/38           61/38          61/38          97/152         
[0,0,1,0,0,0,0,0,0,0,0,0,2,0,1,0]     39/19          39/19          9/38           61/38          61/38          97/152         
[0,0,1,0,0,0,0,0,0,0,0,2,0,0,1,0]     36/19          39/19          7/38           3/2            63/38          85/152         
[0,0,1,0,0,0,0,0,0,0,0,2,1,0,0,0]     36/19          39/19          7/38           3/2            63/38          85/152         
[0,0,1,0,0,0,0,0,0,0,1,0,0,0,0,0]     20/19          39/19          2/19           14/19          33/19          11/38          
[0,0,1,0,0,0,0,0,0,0,1,0,0,0,0,2]     36/19          39/19          7/38           3/2            63/38          85/152         
[0,0,1,0,0,0,0,0,0,0,1,0,0,0,2,0]     39/19          39/19          9/38           61/38          61/38          97/152         
[0,0,1,0,0,0,0,0,0,0,1,0,0,2,0,0]     36/19          39/19          7/38           3/2            63/38          85/152         
[0,0,1,0,0,0,0,0,0,0,1,0,1,0,1,0]     36/19          39/19          4/19           28/19          31/19          11/19          
[0,0,1,0,0,0,0,0,0,0,1,0,2,0,0,0]     39/19          39/19          9/38           61/38          61/38          97/152         
[0,0,1,0,0,0,0,0,0,0,2,0,0,0,1,0]     39/19          39/19          9/38           61/38          61/38          97/152         
[0,0,1,0,0,0,0,0,0,0,2,0,1,0,0,0]     39/19          39/19          9/38           61/38          61/38          97/152         
[0,0,1,0,0,0,0,0,0,2,0,0,0,0,1,0]     36/19          39/19          7/38           3/2            63/38          85/152         
[0,0,1,0,0,0,0,0,0,2,0,0,1,0,0,0]     36/19          39/19          7/38           3/2            63/38          85/152         
[0,0,1,0,0,0,0,0,0,2,1,0,0,0,0,0]     36/19          39/19          7/38           3/2            63/38          85/152         
[0,0,1,0,0,0,0,0,1,0,0,0,0,0,0,0]     20/19          39/19          2/19           14/19          33/19          11/38          
[0,0,1,0,0,0,0,0,1,0,0,0,0,0,0,2]     36/19          39/19          7/38           3/2            63/38          85/152         
[0,0,1,0,0,0,0,0,1,0,0,0,0,0,2,0]     39/19          39/19          9/38           61/38          61/38          97/152         
[0,0,1,0,0,0,0,0,1,0,0,0,0,2,0,0]     36/19          39/19          7/38           3/2            63/38          85/152         
[0,0,1,0,0,0,0,0,1,0,0,0,1,0,1,0]     36/19          39/19          4/19           28/19          31/19          11/19          
[0,0,1,0,0,0,0,0,1,0,0,0,2,0,0,0]     39/19          39/19          9/38           61/38          61/38          97/152         
[0,0,1,0,0,0,0,0,1,0,0,2,0,0,0,0]     36/19          39/19          7/38           3/2            63/38          85/152         
[0,0,1,0,0,0,0,0,1,0,1,0,0,0,1,0]     36/19          39/19          4/19           28/19          31/19          11/19          
[0,0,1,0,0,0,0,0,1,0,1,0,1,0,0,0]     36/19          39/19          4/19           28/19          31/19          11/19          
[0,0,1,0,0,0,0,0,1,0,2,0,0,0,0,0]     39/19          39/19          9/38           61/38          61/38          97/152         
[0,0,1,0,0,0,0,0,2,0,0,0,0,0,1,0]     39/19          39/19          9/38           61/38          61/38          97/152         
[0,0,1,0,0,0,0,0,2,0,0,0,1,0,0,0]     39/19          39/19          9/38           61/38          61/38          97/152         
[0,0,1,0,0,0,0,0,2,0,1,0,0,0,0,0]     39/19          39/19          9/38           61/38          61/38          97/152         
[0,0,1,0,0,0,0,2,0,0,0,0,0,0,1,0]     36/19          39/19          7/38           3/2            63/38          85/152         
[0,0,1,0,0,0,0,2,0,0,0,0,1,0,0,0]     36/19          39/19          7/38           3/2            63/38          85/152         
[0,0,1,0,0,0,0,2,0,0,1,0,0,0,0,0]     36/19          39/19          7/38           3/2            63/38          85/152         
[0,0,1,0,0,0,0,2,1,0,0,0,0,0,0,0]     36/19          39/19          7/38           3/2            63/38          85/152         
[0,0,1,0,0,0,1,0,0,0,0,0,0,0,0,0]     20/19          39/19          2/19           14/19          33/19          11/38          
[0,0,1,0,0,0,1,0,0,0,0,0,0,0,0,2]     36/19          39/19          7/38           3/2            63/38          85/152         
[0,0,1,0,0,0,1,0,0,0,0,0,0,0,2,0]     39/19          39/19          9/38           61/38          61/38          97/152         
[0,0,1,0,0,0,1,0,0,0,0,0,0,2,0,0]     36/19          39/19          7/38           3/2            63/38          85/152         
[0,0,1,0,0,0,1,0,0,0,0,0,1,0,1,0]     36/19          39/19          4/19           28/19          31/19          11/19          
[0,0,1,0,0,0,1,0,0,0,0,0,2,0,0,0]     39/19          39/19          9/38           61/38          61/38          97/152         
[0,0,1,0,0,0,1,0,0,0,0,2,0,0,0,0]     36/19          39/19          7/38           3/2            63/38          85/152         
[0,0,1,0,0,0,1,0,0,0,1,0,0,0,1,0]     36/19          39/19          4/19           28/19          31/19          11/19          
[0,0,1,0,0,0,1,0,0,0,1,0,1,0,0,0]     36/19          39/19          4/19           28/19          31/19          11/19          
[0,0,1,0,0,0,1,0,0,0,2,0,0,0,0,0]     39/19          39/19          9/38           61/38          61/38          97/152         
[0,0,1,0,0,0,1,0,0,2,0,0,0,0,0,0]     36/19          39/19          7/38           3/2            63/38          85/152         
[0,0,1,0,0,0,1,0,1,0,0,0,0,0,1,0]     36/19          39/19          4/19           28/19          31/19          11/19          
[0,0,1,0,0,0,1,0,1,0,0,0,1,0,0,0]     36/19          39/19          4/19           28/19          31/19          11/19          
[0,0,1,0,0,0,1,0,1,0,1,0,0,0,0,0]     36/19          39/19          4/19           28/19          31/19          11/19          
[0,0,1,0,0,0,1,0,2,0,0,0,0,0,0,0]     39/19          39/19          9/38           61/38          61/38          97/152         
[0,0,1,0,0,0,2,0,0,0,0,0,0,0,1,0]     39/19          39/19          9/38           61/38          61/38          97/152         
[0,0,1,0,0,0,2,0,0,0,0,0,1,0,0,0]     39/19          39/19          9/38           61/38          61/38          97/152         
[0,0,1,0,0,0,2,0,0,0,1,0,0,0,0,0]     39/19          39/19          9/38           61/38          61/38          97/152         
[0,0,1,0,0,0,2,0,1,0,0,0,0,0,0,0]     39/19          39/19          9/38           61/38          61/38          97/152         
[0,0,1,0,0,2,0,0,0,0,0,0,0,0,1,0]     36/19          39/19          7/38           3/2            63/38          85/152         
[0,0,1,0,0,2,0,0,0,0,0,0,1,0,0,0]     36/19          39/19          7/38           3/2            63/38          85/152         
[0,0,1,0,0,2,0,0,0,0,1,0,0,0,0,0]     36/19          39/19          7/38           3/2            63/38          85/152         
[0,0,1,0,0,2,0,0,1,0,0,0,0,0,0,0]     36/19          39/19          7/38           3/2            63/38          85/152         
[0,0,1,0,0,2,1,0,0,0,0,0,0,0,0,0]     36/19          39/19          7/38           3/2            63/38          85/152         
[0,0,1,0,1,0,0,0,0,0,0,0,0,0,0,0]     20/19          39/19          2/19           14/19          33/19          11/38          
[0,0,1,0,1,0,0,0,0,0,0,0,0,0,0,2]     36/19          39/19          7/38           3/2            63/38          85/152         
[0,0,1,0,1,0,0,0,0,0,0,0,0,0,2,0]     39/19          39/19          9/38           61/38          61/38          97/152         
[0,0,1,0,1,0,0,0,0,0,0,0,0,2,0,0]     36/19          39/19          7/38           3/2            63/38          85/152         
[0,0,1,0,1,0,0,0,0,0,0,0,1,0,1,0]     36/19          39/19          4/19           28/19          31/19          11/19          
[0,0,1,0,1,0,0,0,0,0,0,0,2,0,0,0]     39/19          39/19          9/38           61/38          61/38          97/152         
[0,0,1,0,1,0,0,0,0,0,0,2,0,0,0,0]     36/19          39/19          7/38           3/2            63/38          85/152         
[0,0,1,0,1,0,0,0,0,0,1,0,0,0,1,0]     36/19          39/19          4/19           28/19          31/19          11/19          
[0,0,1,0,1,0,0,0,0,0,1,0,1,0,0,0]     36/19          39/19          4/19           28/19          31/19          11/19          
[0,0,1,0,1,0,0,0,0,0,2,0,0,0,0,0]     39/19          39/19          9/38           61/38          61/38          97/152         
[0,0,1,0,1,0,0,0,0,2,0,0,0,0,0,0]     36/19          39/19          7/38           3/2            63/38          85/152         
[0,0,1,0,1,0,0,0,1,0,0,0,0,0,1,0]     36/19          39/19          4/19           28/19          31/19          11/19          
[0,0,1,0,1,0,0,0,1,0,0,0,1,0,0,0]     36/19          39/19          4/19           28/19          31/19          11/19          
[0,0,1,0,1,0,0,0,1,0,1,0,0,0,0,0]     36/19          39/19          4/19           28/19          31/19          11/19          
[0,0,1,0,1,0,0,0,2,0,0,0,0,0,0,0]     39/19          39/19          9/38           61/38          61/38          97/152         
[0,0,1,0,1,0,0,2,0,0,0,0,0,0,0,0]     36/19          39/19          7/38           3/2            63/38          85/152         
[0,0,1,0,1,0,1,0,0,0,0,0,0,0,1,0]     36/19          39/19          4/19           28/19          31/19          11/19          
[0,0,1,0,1,0,1,0,0,0,0,0,1,0,0,0]     36/19          39/19          4/19           28/19          31/19          11/19          
[0,0,1,0,1,0,1,0,0,0,1,0,0,0,0,0]     36/19          39/19          4/19           28/19          31/19          11/19          
[0,0,1,0,1,0,1,0,1,0,0,0,0,0,0,0]     36/19          39/19          4/19           28/19          31/19          11/19          
[0,0,1,0,1,0,2,0,0,0,0,0,0,0,0,0]     39/19          39/19          9/38           61/38          61/38          97/152         
[0,0,1,0,2,0,0,0,0,0,0,0,0,0,1,0]     39/19          39/19          9/38           61/38          61/38          97/152         
[0,0,1,0,2,0,0,0,0,0,0,0,1,0,0,0]     39/19          39/19          9/38           61/38          61/38          97/152         
[0,0,1,0,2,0,0,0,0,0,1,0,0,0,0,0]     39/19          39/19          9/38           61/38          61/38          97/152         
[0,0,1,0,2,0,0,0,1,0,0,0,0,0,0,0]     39/19          39/19          9/38           61/38          61/38          97/152         
[0,0,1,0,2,0,1,0,0,0,0,0,0,0,0,0]     39/19          39/19          9/38           61/38          61/38          97/152         
[0,0,2,0,0,0,0,0,0,0,0,0,0,0,0,0]     20/19          39/19          5/38           27/38          65/38          47/152         
[0,0,2,0,0,0,0,0,0,0,0,0,0,0,2,0]     39/19          39/19          5/19           30/19          30/19          25/38          
[0,0,2,0,0,0,0,0,0,0,0,0,1,0,1,0]     39/19          39/19          9/38           61/38          61/38          97/152         
[0,0,2,0,0,0,0,0,0,0,0,0,2,0,0,0]     39/19          39/19          5/19           30/19          30/19          25/38          
[0,0,2,0,0,0,0,0,0,0,1,0,0,0,1,0]     39/19          39/19          9/38           61/38          61/38          97/152         
[0,0,2,0,0,0,0,0,0,0,1,0,1,0,0,0]     39/19          39/19          9/38           61/38          61/38          97/152         
[0,0,2,0,0,0,0,0,0,0,2,0,0,0,0,0]     39/19          39/19          5/19           30/19          30/19          25/38          
[0,0,2,0,0,0,0,0,1,0,0,0,0,0,1,0]     39/19          39/19          9/38           61/38          61/38          97/152         
[0,0,2,0,0,0,0,0,1,0,0,0,1,0,0,0]     39/19          39/19          9/38           61/38          61/38          97/152         
[0,0,2,0,0,0,0,0,1,0,1,0,0,0,0,0]     39/19          39/19          9/38           61/38          61/38          97/152         
[0,0,2,0,0,0,0,0,2,0,0,0,0,0,0,0]     39/19          39/19          5/19           30/19          30/19          25/38          
[0,0,2,0,0,0,1,0,0,0,0,0,0,0,1,0]     39/19          39/19          9/38           61/38          61/38          97/152         
[0,0,2,0,0,0,1,0,0,0,0,0,1,0,0,0]     39/19          39/19          9/38           61/38          61/38          97/152         
[0,0,2,0,0,0,1,0,0,0,1,0,0,0,0,0]     39/19          39/19          9/38           61/38          61/38          97/152         
[0,0,2,0,0,0,1,0,1,0,0,0,0,0,0,0]     39/19          39/19          9/38           61/38          61/38          97/152         
[0,0,2,0,0,0,2,0,0,0,0,0,0,0,0,0]     39/19          39/19          5/19           30/19          30/19          25/38          
[0,0,2,0,1,0,0,0,0,0,0,0,0,0,1,0]     39/19          39/19          9/38           61/38          61/38          97/152         
[0,0,2,0,1,0,0,0,0,0,0,0,1,0,0,0]     39/19          39/19          9/38           61/38          61/38          97/152         
[0,0,2,0,1,0,0,0,0,0,1,0,0,0,0,0]     39/19          39/19          9/38           61/38          61/38          97/152         
[0,0,2,0,1,0,0,0,1,0,0,0,0,0,0,0]     39/19          39/19          9/38           61/38          61/38          97/152         
[0,0,2,0,1,0,1,0,0,0,0,0,0,0,0,0]     39/19          39/19          9/38           61/38          61/38          97/152         
[0,0,2,0,2,0,0,0,0,0,0,0,0,0,0,0]     39/19          39/19          5/19           30/19          30/19          25/38          
[0,2,0,0,0,0,0,0,0,0,0,0,0,0,0,2]     36/19          39/19          3/19           29/19          32/19          41/76          
[0,2,0,0,0,0,0,0,0,0,0,0,0,2,0,0]     36/19          39/19          3/19           29/19          32/19          41/76          
[0,2,0,0,0,0,0,0,0,0,0,0,1,0,1,0]     36/19          39/19          7/38           3/2            63/38          85/152         
[0,2,0,0,0,0,0,0,0,0,0,2,0,0,0,0]     36/19          39/19          3/19           29/19          32/19          41/76          
[0,2,0,0,0,0,0,0,0,0,1,0,0,0,1,0]     36/19          39/19          7/38           3/2            63/38          85/152         
[0,2,0,0,0,0,0,0,0,0,1,0,1,0,0,0]     36/19          39/19          7/38           3/2            63/38          85/152         
[0,2,0,0,0,0,0,0,0,2,0,0,0,0,0,0]     36/19          39/19          3/19           29/19          32/19          41/76          
[0,2,0,0,0,0,0,0,1,0,0,0,0,0,1,0]     36/19          39/19          7/38           3/2            63/38          85/152         
[0,2,0,0,0,0,0,0,1,0,0,0,1,0,0,0]     36/19          39/19          7/38           3/2            63/38          85/152         
[0,2,0,0,0,0,0,0,1,0,1,0,0,0,0,0]     36/19          39/19          7/38           3/2            63/38          85/152         
[0,2,0,0,0,0,0,2,0,0,0,0,0,0,0,0]     36/19          39/19          3/19           29/19          32/19          41/76          
[0,2,0,0,0,0,1,0,0,0,0,0,0,0,1,0]     36/19          39/19          7/38           3/2            63/38          85/152         
[0,2,0,0,0,0,1,0,0,0,0,0,1,0,0,0]     36/19          39/19          7/38           3/2            63/38          85/152         
[0,2,0,0,0,0,1,0,0,0,1,0,0,0,0,0]     36/19          39/19          7/38           3/2            63/38          85/152         
[0,2,0,0,0,0,1,0,1,0,0,0,0,0,0,0]     36/19          39/19          7/38           3/2            63/38          85/152         
[0,2,0,0,0,2,0,0,0,0,0,0,0,0,0,0]     36/19          39/19          3/19           29/19          32/19          41/76          
[0,2,0,0,1,0,0,0,0,0,0,0,0,0,1,0]     36/19          39/19          7/38           3/2            63/38          85/152         
[0,2,0,0,1,0,0,0,0,0,0,0,1,0,0,0]     36/19          39/19          7/38           3/2            63/38          85/152         
[0,2,0,0,1,0,0,0,0,0,1,0,0,0,0,0]     36/19          39/19          7/38           3/2            63/38          85/152         
[0,2,0,0,1,0,0,0,1,0,0,0,0,0,0,0]     36/19          39/19          7/38           3/2            63/38          85/152         
[0,2,0,0,1,0,1,0,0,0,0,0,0,0,0,0]     36/19          39/19          7/38           3/2            63/38          85/152         
[0,2,0,2,0,0,0,0,0,0,0,0,0,0,0,0]     36/19          39/19          3/19           29/19          32/19          41/76          
[0,2,1,0,0,0,0,0,0,0,0,0,0,0,1,0]     36/19          39/19          7/38           3/2            63/38          85/152         
[0,2,1,0,0,0,0,0,0,0,0,0,1,0,0,0]     36/19          39/19          7/38           3/2            63/38          85/152         
[0,2,1,0,0,0,0,0,0,0,1,0,0,0,0,0]     36/19          39/19          7/38           3/2            63/38          85/152         
[0,2,1,0,0,0,0,0,1,0,0,0,0,0,0,0]     36/19          39/19          7/38           3/2            63/38          85/152         
[0,2,1,0,0,0,1,0,0,0,0,0,0,0,0,0]     36/19          39/19          7/38           3/2            63/38          85/152         
[0,2,1,0,1,0,0,0,0,0,0,0,0,0,0,0]     36/19          39/19          7/38           3/2            63/38          85/152         
[1,0,0,0,0,0,0,0,0,0,0,0,0,0,1,0]     20/19          39/19          2/19           14/19          33/19          11/38          
[1,0,0,0,0,0,0,0,0,0,0,0,0,2,1,0]     36/19          39/19          7/38           3/2            63/38          85/152         
[1,0,0,0,0,0,0,0,0,0,0,0,1,0,0,0]     20/19          39/19          2/19           14/19          33/19          11/38          
[1,0,0,0,0,0,0,0,0,0,0,0,1,0,0,2]     36/19          39/19          7/38           3/2            63/38          85/152         
[1,0,0,0,0,0,0,0,0,0,0,0,1,0,2,0]     39/19          39/19          9/38           61/38          61/38          97/152         
[1,0,0,0,0,0,0,0,0,0,0,0,2,0,1,0]     39/19          39/19          9/38           61/38          61/38          97/152         
[1,0,0,0,0,0,0,0,0,0,0,2,0,0,1,0]     36/19          39/19          7/38           3/2            63/38          85/152         
[1,0,0,0,0,0,0,0,0,0,0,2,1,0,0,0]     36/19          39/19          7/38           3/2            63/38          85/152         
[1,0,0,0,0,0,0,0,0,0,1,0,0,0,0,0]     20/19          39/19          2/19           14/19          33/19          11/38          
[1,0,0,0,0,0,0,0,0,0,1,0,0,0,0,2]     36/19          39/19          7/38           3/2            63/38          85/152         
[1,0,0,0,0,0,0,0,0,0,1,0,0,0,2,0]     39/19          39/19          9/38           61/38          61/38          97/152         
[1,0,0,0,0,0,0,0,0,0,1,0,0,2,0,0]     36/19          39/19          7/38           3/2            63/38          85/152         
[1,0,0,0,0,0,0,0,0,0,1,0,1,0,1,0]     36/19          39/19          4/19           28/19          31/19          11/19          
[1,0,0,0,0,0,0,0,0,0,1,0,2,0,0,0]     39/19          39/19          9/38           61/38          61/38          97/152         
[1,0,0,0,0,0,0,0,0,0,2,0,0,0,1,0]     39/19          39/19          9/38           61/38          61/38          97/152         
[1,0,0,0,0,0,0,0,0,0,2,0,1,0,0,0]     39/19          39/19          9/38           61/38          61/38          97/152         
[1,0,0,0,0,0,0,0,0,2,0,0,0,0,1,0]     36/19          39/19          7/38           3/2            63/38          85/152         
[1,0,0,0,0,0,0,0,0,2,0,0,1,0,0,0]     36/19          39/19          7/38           3/2            63/38          85/152         
[1,0,0,0,0,0,0,0,0,2,1,0,0,0,0,0]     36/19          39/19          7/38           3/2            63/38          85/152         
[1,0,0,0,0,0,0,0,1,0,0,0,0,0,0,0]     20/19          39/19          2/19           14/19          33/19          11/38          
[1,0,0,0,0,0,0,0,1,0,0,0,0,0,0,2]     36/19          39/19          7/38           3/2            63/38          85/152         
[1,0,0,0,0,0,0,0,1,0,0,0,0,0,2,0]     39/19          39/19          9/38           61/38          61/38          97/152         
[1,0,0,0,0,0,0,0,1,0,0,0,0,2,0,0]     36/19          39/19          7/38           3/2            63/38          85/152         
[1,0,0,0,0,0,0,0,1,0,0,0,1,0,1,0]     36/19          39/19          4/19           28/19          31/19          11/19          
[1,0,0,0,0,0,0,0,1,0,0,0,2,0,0,0]     39/19          39/19          9/38           61/38          61/38          97/152         
[1,0,0,0,0,0,0,0,1,0,0,2,0,0,0,0]     36/19          39/19          7/38           3/2            63/38          85/152         
[1,0,0,0,0,0,0,0,1,0,1,0,0,0,1,0]     36/19          39/19          4/19           28/19          31/19          11/19          
[1,0,0,0,0,0,0,0,1,0,1,0,1,0,0,0]     36/19          39/19          4/19           28/19          31/19          11/19          
[1,0,0,0,0,0,0,0,1,0,2,0,0,0,0,0]     39/19          39/19          9/38           61/38          61/38          97/152         
[1,0,0,0,0,0,0,0,2,0,0,0,0,0,1,0]     39/19          39/19          9/38           61/38          61/38          97/152         
[1,0,0,0,0,0,0,0,2,0,0,0,1,0,0,0]     39/19          39/19          9/38           61/38          61/38          97/152         
[1,0,0,0,0,0,0,0,2,0,1,0,0,0,0,0]     39/19          39/19          9/38           61/38          61/38          97/152         
[1,0,0,0,0,0,0,2,0,0,0,0,0,0,1,0]     36/19          39/19          7/38           3/2            63/38          85/152         
[1,0,0,0,0,0,0,2,0,0,0,0,1,0,0,0]     36/19          39/19          7/38           3/2            63/38          85/152         
[1,0,0,0,0,0,0,2,0,0,1,0,0,0,0,0]     36/19          39/19          7/38           3/2            63/38          85/152         
[1,0,0,0,0,0,0,2,1,0,0,0,0,0,0,0]     36/19          39/19          7/38           3/2            63/38          85/152         
[1,0,0,0,0,0,1,0,0,0,0,0,0,0,0,0]     20/19          39/19          2/19           14/19          33/19          11/38          
[1,0,0,0,0,0,1,0,0,0,0,0,0,0,0,2]     36/19          39/19          7/38           3/2            63/38          85/152         
[1,0,0,0,0,0,1,0,0,0,0,0,0,0,2,0]     39/19          39/19          9/38           61/38          61/38          97/152         
[1,0,0,0,0,0,1,0,0,0,0,0,0,2,0,0]     36/19          39/19          7/38           3/2            63/38          85/152         
[1,0,0,0,0,0,1,0,0,0,0,0,1,0,1,0]     36/19          39/19          4/19           28/19          31/19          11/19          
[1,0,0,0,0,0,1,0,0,0,0,0,2,0,0,0]     39/19          39/19          9/38           61/38          61/38          97/152         
[1,0,0,0,0,0,1,0,0,0,0,2,0,0,0,0]     36/19          39/19          7/38           3/2            63/38          85/152         
[1,0,0,0,0,0,1,0,0,0,1,0,0,0,1,0]     36/19          39/19          4/19           28/19          31/19          11/19          
[1,0,0,0,0,0,1,0,0,0,1,0,1,0,0,0]     36/19          39/19          4/19           28/19          31/19          11/19          
[1,0,0,0,0,0,1,0,0,0,2,0,0,0,0,0]     39/19          39/19          9/38           61/38          61/38          97/152         
[1,0,0,0,0,0,1,0,0,2,0,0,0,0,0,0]     36/19          39/19          7/38           3/2            63/38          85/152         
[1,0,0,0,0,0,1,0,1,0,0,0,0,0,1,0]     36/19          39/19          4/19           28/19          31/19          11/19          
[1,0,0,0,0,0,1,0,1,0,0,0,1,0,0,0]     36/19          39/19          4/19           28/19          31/19          11/19          
[1,0,0,0,0,0,1,0,1,0,1,0,0,0,0,0]     36/19          39/19          4/19           28/19          31/19          11/19          
[1,0,0,0,0,0,1,0,2,0,0,0,0,0,0,0]     39/19          39/19          9/38           61/38          61/38          97/152         
[1,0,0,0,0,0,2,0,0,0,0,0,0,0,1,0]     39/19          39/19          9/38           61/38          61/38          97/152         
[1,0,0,0,0,0,2,0,0,0,0,0,1,0,0,0]     39/19          39/19          9/38           61/38          61/38          97/152         
[1,0,0,0,0,0,2,0,0,0,1,0,0,0,0,0]     39/19          39/19          9/38           61/38          61/38          97/152         
[1,0,0,0,0,0,2,0,1,0,0,0,0,0,0,0]     39/19          39/19          9/38           61/38          61/38          97/152         
[1,0,0,0,0,2,0,0,0,0,0,0,0,0,1,0]     36/19          39/19          7/38           3/2            63/38          85/152         
[1,0,0,0,0,2,0,0,0,0,0,0,1,0,0,0]     36/19          39/19          7/38           3/2            63/38          85/152         
[1,0,0,0,0,2,0,0,0,0,1,0,0,0,0,0]     36/19          39/19          7/38           3/2            63/38          85/152         
[1,0,0,0,0,2,0,0,1,0,0,0,0,0,0,0]     36/19          39/19          7/38           3/2            63/38          85/152         
[1,0,0,0,0,2,1,0,0,0,0,0,0,0,0,0]     36/19          39/19          7/38           3/2            63/38          85/152         
[1,0,0,0,1,0,0,0,0,0,0,0,0,0,0,0]     20/19          39/19          2/19           14/19          33/19          11/38          
[1,0,0,0,1,0,0,0,0,0,0,0,0,0,0,2]     36/19          39/19          7/38           3/2            63/38          85/152         
[1,0,0,0,1,0,0,0,0,0,0,0,0,0,2,0]     39/19          39/19          9/38           61/38          61/38          97/152         
[1,0,0,0,1,0,0,0,0,0,0,0,0,2,0,0]     36/19          39/19          7/38           3/2            63/38          85/152         
[1,0,0,0,1,0,0,0,0,0,0,0,1,0,1,0]     36/19          39/19          4/19           28/19          31/19          11/19          
[1,0,0,0,1,0,0,0,0,0,0,0,2,0,0,0]     39/19          39/19          9/38           61/38          61/38          97/152         
[1,0,0,0,1,0,0,0,0,0,0,2,0,0,0,0]     36/19          39/19          7/38           3/2            63/38          85/152         
[1,0,0,0,1,0,0,0,0,0,1,0,0,0,1,0]     36/19          39/19          4/19           28/19          31/19          11/19          
[1,0,0,0,1,0,0,0,0,0,1,0,1,0,0,0]     36/19          39/19          4/19           28/19          31/19          11/19          
[1,0,0,0,1,0,0,0,0,0,2,0,0,0,0,0]     39/19          39/19          9/38           61/38          61/38          97/152         
[1,0,0,0,1,0,0,0,0,2,0,0,0,0,0,0]     36/19          39/19          7/38           3/2            63/38          85/152         
[1,0,0,0,1,0,0,0,1,0,0,0,0,0,1,0]     36/19          39/19          4/19           28/19          31/19          11/19          
[1,0,0,0,1,0,0,0,1,0,0,0,1,0,0,0]     36/19          39/19          4/19           28/19          31/19          11/19          
[1,0,0,0,1,0,0,0,1,0,1,0,0,0,0,0]     36/19          39/19          4/19           28/19          31/19          11/19          
[1,0,0,0,1,0,0,0,2,0,0,0,0,0,0,0]     39/19          39/19          9/38           61/38          61/38          97/152         
[1,0,0,0,1,0,0,2,0,0,0,0,0,0,0,0]     36/19          39/19          7/38           3/2            63/38          85/152         
[1,0,0,0,1,0,1,0,0,0,0,0,0,0,1,0]     36/19          39/19          4/19           28/19          31/19          11/19          
[1,0,0,0,1,0,1,0,0,0,0,0,1,0,0,0]     36/19          39/19          4/19           28/19          31/19          11/19          
[1,0,0,0,1,0,1,0,0,0,1,0,0,0,0,0]     36/19          39/19          4/19           28/19          31/19          11/19          
[1,0,0,0,1,0,1,0,1,0,0,0,0,0,0,0]     36/19          39/19          4/19           28/19          31/19          11/19          
[1,0,0,0,1,0,2,0,0,0,0,0,0,0,0,0]     39/19          39/19          9/38           61/38          61/38          97/152         
[1,0,0,0,2,0,0,0,0,0,0,0,0,0,1,0]     39/19          39/19          9/38           61/38          61/38          97/152         
[1,0,0,0,2,0,0,0,0,0,0,0,1,0,0,0]     39/19          39/19          9/38           61/38          61/38          97/152         
[1,0,0,0,2,0,0,0,0,0,1,0,0,0,0,0]     39/19          39/19          9/38           61/38          61/38          97/152         
[1,0,0,0,2,0,0,0,1,0,0,0,0,0,0,0]     39/19          39/19          9/38           61/38          61/38          97/152         
[1,0,0,0,2,0,1,0,0,0,0,0,0,0,0,0]     39/19          39/19          9/38           61/38          61/38          97/152         
[1,0,0,2,0,0,0,0,0,0,0,0,0,0,1,0]     36/19          39/19          7/38           3/2            63/38          85/152         
[1,0,0,2,0,0,0,0,0,0,0,0,1,0,0,0]     36/19          39/19          7/38           3/2            63/38          85/152         
[1,0,0,2,0,0,0,0,0,0,1,0,0,0,0,0]     36/19          39/19          7/38           3/2            63/38          85/152         
[1,0,0,2,0,0,0,0,1,0,0,0,0,0,0,0]     36/19          39/19          7/38           3/2            63/38          85/152         
[1,0,0,2,0,0,1,0,0,0,0,0,0,0,0,0]     36/19          39/19          7/38           3/2            63/38          85/152         
[1,0,0,2,1,0,0,0,0,0,0,0,0,0,0,0]     36/19          39/19          7/38           3/2            63/38          85/152         
[1,0,1,0,0,0,0,0,0,0,0,0,0,0,0,0]     20/19          39/19          2/19           14/19          33/19          11/38          
[1,0,1,0,0,0,0,0,0,0,0,0,0,0,0,2]     36/19          39/19          7/38           3/2            63/38          85/152         
[1,0,1,0,0,0,0,0,0,0,0,0,0,0,2,0]     39/19          39/19          9/38           61/38          61/38          97/152         
[1,0,1,0,0,0,0,0,0,0,0,0,0,2,0,0]     36/19          39/19          7/38           3/2            63/38          85/152         
[1,0,1,0,0,0,0,0,0,0,0,0,1,0,1,0]     36/19          39/19          4/19           28/19          31/19          11/19          
[1,0,1,0,0,0,0,0,0,0,0,0,2,0,0,0]     39/19          39/19          9/38           61/38          61/38          97/152         
[1,0,1,0,0,0,0,0,0,0,0,2,0,0,0,0]     36/19          39/19          7/38           3/2            63/38          85/152         
[1,0,1,0,0,0,0,0,0,0,1,0,0,0,1,0]     36/19          39/19          4/19           28/19          31/19          11/19          
[1,0,1,0,0,0,0,0,0,0,1,0,1,0,0,0]     36/19          39/19          4/19           28/19          31/19          11/19          
[1,0,1,0,0,0,0,0,0,0,2,0,0,0,0,0]     39/19          39/19          9/38           61/38          61/38          97/152         
[1,0,1,0,0,0,0,0,0,2,0,0,0,0,0,0]     36/19          39/19          7/38           3/2            63/38          85/152         
[1,0,1,0,0,0,0,0,1,0,0,0,0,0,1,0]     36/19          39/19          4/19           28/19          31/19          11/19          
[1,0,1,0,0,0,0,0,1,0,0,0,1,0,0,0]     36/19          39/19          4/19           28/19          31/19          11/19          
[1,0,1,0,0,0,0,0,1,0,1,0,0,0,0,0]     36/19          39/19          4/19           28/19          31/19          11/19          
[1,0,1,0,0,0,0,0,2,0,0,0,0,0,0,0]     39/19          39/19          9/38           61/38          61/38          97/152         
[1,0,1,0,0,0,0,2,0,0,0,0,0,0,0,0]     36/19          39/19          7/38           3/2            63/38          85/152         
[1,0,1,0,0,0,1,0,0,0,0,0,0,0,1,0]     36/19          39/19          4/19           28/19          31/19          11/19          
[1,0,1,0,0,0,1,0,0,0,0,0,1,0,0,0]     36/19          39/19          4/19           28/19          31/19          11/19          
[1,0,1,0,0,0,1,0,0,0,1,0,0,0,0,0]     36/19          39/19          4/19           28/19          31/19          11/19          
[1,0,1,0,0,0,1,0,1,0,0,0,0,0,0,0]     36/19          39/19          4/19           28/19          31/19          11/19          
[1,0,1,0,0,0,2,0,0,0,0,0,0,0,0,0]     39/19          39/19          9/38           61/38          61/38          97/152         
[1,0,1,0,0,2,0,0,0,0,0,0,0,0,0,0]     36/19          39/19          7/38           3/2            63/38          85/152         
[1,0,1,0,1,0,0,0,0,0,0,0,0,0,1,0]     36/19          39/19          4/19           28/19          31/19          11/19          
[1,0,1,0,1,0,0,0,0,0,0,0,1,0,0,0]     36/19          39/19          4/19           28/19          31/19          11/19          
[1,0,1,0,1,0,0,0,0,0,1,0,0,0,0,0]     36/19          39/19          4/19           28/19          31/19          11/19          
[1,0,1,0,1,0,0,0,1,0,0,0,0,0,0,0]     36/19          39/19          4/19           28/19          31/19          11/19          
[1,0,1,0,1,0,1,0,0,0,0,0,0,0,0,0]     36/19          39/19          4/19           28/19          31/19          11/19          
[1,0,1,0,2,0,0,0,0,0,0,0,0,0,0,0]     39/19          39/19          9/38           61/38          61/38          97/152         
[1,0,2,0,0,0,0,0,0,0,0,0,0,0,1,0]     39/19          39/19          9/38           61/38          61/38          97/152         
[1,0,2,0,0,0,0,0,0,0,0,0,1,0,0,0]     39/19          39/19          9/38           61/38          61/38          97/152         
[1,0,2,0,0,0,0,0,0,0,1,0,0,0,0,0]     39/19          39/19          9/38           61/38          61/38          97/152         
[1,0,2,0,0,0,0,0,1,0,0,0,0,0,0,0]     39/19          39/19          9/38           61/38          61/38          97/152         
[1,0,2,0,0,0,1,0,0,0,0,0,0,0,0,0]     39/19          39/19          9/38           61/38          61/38          97/152         
[1,0,2,0,1,0,0,0,0,0,0,0,0,0,0,0]     39/19          39/19          9/38           61/38          61/38          97/152         
[2,0,0,0,0,0,0,0,0,0,0,0,0,0,0,0]     20/19          39/19          5/38           27/38          65/38          47/152         
[2,0,0,0,0,0,0,0,0,0,0,0,0,0,2,0]     39/19          39/19          5/19           30/19          30/19          25/38          
[2,0,0,0,0,0,0,0,0,0,0,0,1,0,1,0]     39/19          39/19          9/38           61/38          61/38          97/152         
[2,0,0,0,0,0,0,0,0,0,0,0,2,0,0,0]     39/19          39/19          5/19           30/19          30/19          25/38          
[2,0,0,0,0,0,0,0,0,0,1,0,0,0,1,0]     39/19          39/19          9/38           61/38          61/38          97/152         
[2,0,0,0,0,0,0,0,0,0,1,0,1,0,0,0]     39/19          39/19          9/38           61/38          61/38          97/152         
[2,0,0,0,0,0,0,0,0,0,2,0,0,0,0,0]     39/19          39/19          5/19           30/19          30/19          25/38          
[2,0,0,0,0,0,0,0,1,0,0,0,0,0,1,0]     39/19          39/19          9/38           61/38          61/38          97/152         
[2,0,0,0,0,0,0,0,1,0,0,0,1,0,0,0]     39/19          39/19          9/38           61/38          61/38          97/152         
[2,0,0,0,0,0,0,0,1,0,1,0,0,0,0,0]     39/19          39/19          9/38           61/38          61/38          97/152         
[2,0,0,0,0,0,0,0,2,0,0,0,0,0,0,0]     39/19          39/19          5/19           30/19          30/19          25/38          
[2,0,0,0,0,0,1,0,0,0,0,0,0,0,1,0]     39/19          39/19          9/38           61/38          61/38          97/152         
[2,0,0,0,0,0,1,0,0,0,0,0,1,0,0,0]     39/19          39/19          9/38           61/38          61/38          97/152         
[2,0,0,0,0,0,1,0,0,0,1,0,0,0,0,0]     39/19          39/19          9/38           61/38          61/38          97/152         
[2,0,0,0,0,0,1,0,1,0,0,0,0,0,0,0]     39/19          39/19          9/38           61/38          61/38          97/152         
[2,0,0,0,0,0,2,0,0,0,0,0,0,0,0,0]     39/19          39/19          5/19           30/19          30/19          25/38          
[2,0,0,0,1,0,0,0,0,0,0,0,0,0,1,0]     39/19          39/19          9/38           61/38          61/38          97/152         
[2,0,0,0,1,0,0,0,0,0,0,0,1,0,0,0]     39/19          39/19          9/38           61/38          61/38          97/152         
[2,0,0,0,1,0,0,0,0,0,1,0,0,0,0,0]     39/19          39/19          9/38           61/38          61/38          97/152         
[2,0,0,0,1,0,0,0,1,0,0,0,0,0,0,0]     39/19          39/19          9/38           61/38          61/38          97/152         
[2,0,0,0,1,0,1,0,0,0,0,0,0,0,0,0]     39/19          39/19          9/38           61/38          61/38          97/152         
[2,0,0,0,2,0,0,0,0,0,0,0,0,0,0,0]     39/19          39/19          5/19           30/19          30/19          25/38          
[2,0,1,0,0,0,0,0,0,0,0,0,0,0,1,0]     39/19          39/19          9/38           61/38          61/38          97/152         
[2,0,1,0,0,0,0,0,0,0,0,0,1,0,0,0]     39/19          39/19          9/38           61/38          61/38          97/152         
[2,0,1,0,0,0,0,0,0,0,1,0,0,0,0,0]     39/19          39/19          9/38           61/38          61/38          97/152         
[2,0,1,0,0,0,0,0,1,0,0,0,0,0,0,0]     39/19          39/19          9/38           61/38          61/38          97/152         
[2,0,1,0,0,0,1,0,0,0,0,0,0,0,0,0]     39/19          39/19          9/38           61/38          61/38          97/152         
[2,0,1,0,1,0,0,0,0,0,0,0,0,0,0,0]     39/19          39/19          9/38           61/38          61/38          97/152         
[2,0,2,0,0,0,0,0,0,0,0,0,0,0,0,0]     39/19          39/19          5/19           30/19          30/19          25/38          
q(R)>E is potentially violated on: [[0,0,0,0,0,0,0,0,0,0,0,0,0,0,0,0], [0,0,0,0,0,0,0,0,0,0,0,0,1,0,1,0], [0,0,0,0,0,0,0,0,0,0,1,0,0,0,1,0], [0,0,0,0,0,0,0,0,0,0,1,0,1,0,0,0], [0,0,0,0,0,0,0,0,1,0,0,0,0,0,1,0], [0,0,0,0,0,0,0,0,1,0,0,0,1,0,0,0], [0,0,0,0,0,0,0,0,1,0,1,0,0,0,0,0], [0,0,0,0,0,0,1,0,0,0,0,0,0,0,1,0], [0,0,0,0,0,0,1,0,0,0,0,0,1,0,0,0], [0,0,0,0,0,0,1,0,0,0,1,0,0,0,0,0], [0,0,0,0,0,0,1,0,1,0,0,0,0,0,0,0], [0,0,0,0,1,0,0,0,0,0,0,0,0,0,1,0], [0,0,0,0,1,0,0,0,0,0,0,0,1,0,0,0], [0,0,0,0,1,0,0,0,0,0,1,0,0,0,0,0], [0,0,0,0,1,0,0,0,1,0,0,0,0,0,0,0], [0,0,0,0,1,0,1,0,0,0,0,0,0,0,0,0], [0,0,1,0,0,0,0,0,0,0,0,0,0,0,1,0], [0,0,1,0,0,0,0,0,0,0,0,0,1,0,0,0], [0,0,1,0,0,0,0,0,0,0,1,0,0,0,0,0], [0,0,1,0,0,0,0,0,1,0,0,0,0,0,0,0], [0,0,1,0,0,0,1,0,0,0,0,0,0,0,0,0], [0,0,1,0,1,0,0,0,0,0,0,0,0,0,0,0], [1,0,0,0,0,0,0,0,0,0,0,0,0,0,1,0], [1,0,0,0,0,0,0,0,0,0,0,0,1,0,0,0], [1,0,0,0,0,0,0,0,0,0,1,0,0,0,0,0], [1,0,0,0,0,0,0,0,1,0,0,0,0,0,0,0], [1,0,0,0,0,0,1,0,0,0,0,0,0,0,0,0], [1,0,0,0,1,0,0,0,0,0,0,0,0,0,0,0], [1,0,1,0,0,0,0,0,0,0,0,0,0,0,0,0]]
Crude estimate: LL > 2E if CasG > 3/38*sqrt(210) + 89/76, approx. 2.3151
Scanning for 0 <= CasG <= C.
Fourier mode                          CasG           KT?            LL >=          LL >= 2E?      
0                                     0                             -3/38                         
1e_2                                  1                             27/38          >              
2e_1                                  20/19                         55/76          >              
1e_1+1e_3                             2                             32/19          >              
2e_2                                  39/19                         127/76         >              
2e_1+1e_2                             40/19                         131/76         >              
4e_1                                  42/19                         139/76         >              
1e_5                                  175/76                        153/76         >              

Done!