====== Sym2LowerBounds (2023/01/26, 14:30) for G=D20, H=D4D4D4D4D4======

LiE isotropy representation:      1X[0,0,0,0,0,0,0,0,0,0,0,0,1,0,0,0,1,0,0,0] +
     1X[0,0,0,0,0,0,0,0,1,0,0,0,0,0,0,0,1,0,0,0] +
     1X[0,0,0,0,0,0,0,0,1,0,0,0,1,0,0,0,0,0,0,0] +
     1X[0,0,0,0,1,0,0,0,0,0,0,0,0,0,0,0,1,0,0,0] +
     1X[0,0,0,0,1,0,0,0,0,0,0,0,1,0,0,0,0,0,0,0] +
     1X[0,0,0,0,1,0,0,0,1,0,0,0,0,0,0,0,0,0,0,0] +
     1X[1,0,0,0,0,0,0,0,0,0,0,0,0,0,0,0,1,0,0,0] +
     1X[1,0,0,0,0,0,0,0,0,0,0,0,1,0,0,0,0,0,0,0] +
     1X[1,0,0,0,0,0,0,0,1,0,0,0,0,0,0,0,0,0,0,0] +
     1X[1,0,0,0,1,0,0,0,0,0,0,0,0,0,0,0,0,0,0,0]
Einstein constant: E=13/38
Isotype in Sym^2_0                            CasGMin        CasGMax        CasH           A*AMin         A*AMax         q(R)Min        
[0,0,0,0,0,0,0,0,0,0,0,0,0,0,0,0,0,0,0,0]     20/19          39/19          0              13/19          32/19          13/76          
[0,0,0,0,0,0,0,0,0,0,0,0,0,0,0,0,2,0,0,0]     20/19          39/19          4/19           9/19           28/19          25/76          
[0,0,0,0,0,0,0,0,0,0,0,0,0,1,0,0,0,1,0,0]     36/19          39/19          6/19           23/19          26/19          47/76          
[0,0,0,0,0,0,0,0,0,0,0,0,1,0,0,0,1,0,0,0]     20/19          39/19          7/38           1/2            3/2            47/152         
[0,0,0,0,0,0,0,0,0,0,0,0,2,0,0,0,0,0,0,0]     20/19          39/19          4/19           9/19           28/19          25/76          
[0,0,0,0,0,0,0,0,0,0,0,0,2,0,0,0,2,0,0,0]     39/19          39/19          8/19           24/19          24/19          14/19          
[0,0,0,0,0,0,0,0,0,1,0,0,0,0,0,0,0,1,0,0]     36/19          39/19          6/19           23/19          26/19          47/76          
[0,0,0,0,0,0,0,0,0,1,0,0,0,1,0,0,0,0,0,0]     36/19          39/19          6/19           23/19          26/19          47/76          
[0,0,0,0,0,0,0,0,0,1,0,0,1,0,0,0,1,0,0,0]     36/19          39/19          13/38          45/38          51/38          97/152         
[0,0,0,0,0,0,0,0,1,0,0,0,0,0,0,0,1,0,0,0]     20/19          39/19          7/38           1/2            3/2            47/152         
[0,0,0,0,0,0,0,0,1,0,0,0,0,1,0,0,1,0,0,0]     36/19          39/19          13/38          45/38          51/38          97/152         
[0,0,0,0,0,0,0,0,1,0,0,0,1,0,0,0,0,0,0,0]     20/19          39/19          7/38           1/2            3/2            47/152         
[0,0,0,0,0,0,0,0,1,0,0,0,1,0,0,0,0,1,0,0]     36/19          39/19          13/38          45/38          51/38          97/152         
[0,0,0,0,0,0,0,0,1,0,0,0,1,0,0,0,2,0,0,0]     39/19          39/19          15/38          49/38          49/38          109/152        
[0,0,0,0,0,0,0,0,1,0,0,0,2,0,0,0,1,0,0,0]     39/19          39/19          15/38          49/38          49/38          109/152        
[0,0,0,0,0,0,0,0,2,0,0,0,0,0,0,0,0,0,0,0]     20/19          39/19          4/19           9/19           28/19          25/76          
[0,0,0,0,0,0,0,0,2,0,0,0,0,0,0,0,2,0,0,0]     39/19          39/19          8/19           24/19          24/19          14/19          
[0,0,0,0,0,0,0,0,2,0,0,0,1,0,0,0,1,0,0,0]     39/19          39/19          15/38          49/38          49/38          109/152        
[0,0,0,0,0,0,0,0,2,0,0,0,2,0,0,0,0,0,0,0]     39/19          39/19          8/19           24/19          24/19          14/19          
[0,0,0,0,0,1,0,0,0,0,0,0,0,0,0,0,0,1,0,0]     36/19          39/19          6/19           23/19          26/19          47/76          
[0,0,0,0,0,1,0,0,0,0,0,0,0,1,0,0,0,0,0,0]     36/19          39/19          6/19           23/19          26/19          47/76          
[0,0,0,0,0,1,0,0,0,0,0,0,1,0,0,0,1,0,0,0]     36/19          39/19          13/38          45/38          51/38          97/152         
[0,0,0,0,0,1,0,0,0,1,0,0,0,0,0,0,0,0,0,0]     36/19          39/19          6/19           23/19          26/19          47/76          
[0,0,0,0,0,1,0,0,1,0,0,0,0,0,0,0,1,0,0,0]     36/19          39/19          13/38          45/38          51/38          97/152         
[0,0,0,0,0,1,0,0,1,0,0,0,1,0,0,0,0,0,0,0]     36/19          39/19          13/38          45/38          51/38          97/152         
[0,0,0,0,1,0,0,0,0,0,0,0,0,0,0,0,1,0,0,0]     20/19          39/19          7/38           1/2            3/2            47/152         
[0,0,0,0,1,0,0,0,0,0,0,0,0,1,0,0,1,0,0,0]     36/19          39/19          13/38          45/38          51/38          97/152         
[0,0,0,0,1,0,0,0,0,0,0,0,1,0,0,0,0,0,0,0]     20/19          39/19          7/38           1/2            3/2            47/152         
[0,0,0,0,1,0,0,0,0,0,0,0,1,0,0,0,0,1,0,0]     36/19          39/19          13/38          45/38          51/38          97/152         
[0,0,0,0,1,0,0,0,0,0,0,0,1,0,0,0,2,0,0,0]     39/19          39/19          15/38          49/38          49/38          109/152        
[0,0,0,0,1,0,0,0,0,0,0,0,2,0,0,0,1,0,0,0]     39/19          39/19          15/38          49/38          49/38          109/152        
[0,0,0,0,1,0,0,0,0,1,0,0,0,0,0,0,1,0,0,0]     36/19          39/19          13/38          45/38          51/38          97/152         
[0,0,0,0,1,0,0,0,0,1,0,0,1,0,0,0,0,0,0,0]     36/19          39/19          13/38          45/38          51/38          97/152         
[0,0,0,0,1,0,0,0,1,0,0,0,0,0,0,0,0,0,0,0]     20/19          39/19          7/38           1/2            3/2            47/152         
[0,0,0,0,1,0,0,0,1,0,0,0,0,0,0,0,0,1,0,0]     36/19          39/19          13/38          45/38          51/38          97/152         
[0,0,0,0,1,0,0,0,1,0,0,0,0,0,0,0,2,0,0,0]     39/19          39/19          15/38          49/38          49/38          109/152        
[0,0,0,0,1,0,0,0,1,0,0,0,0,1,0,0,0,0,0,0]     36/19          39/19          13/38          45/38          51/38          97/152         
[0,0,0,0,1,0,0,0,1,0,0,0,1,0,0,0,1,0,0,0]     36/19          39/19          7/19           22/19          25/19          25/38          
[0,0,0,0,1,0,0,0,1,0,0,0,2,0,0,0,0,0,0,0]     39/19          39/19          15/38          49/38          49/38          109/152        
[0,0,0,0,1,0,0,0,2,0,0,0,0,0,0,0,1,0,0,0]     39/19          39/19          15/38          49/38          49/38          109/152        
[0,0,0,0,1,0,0,0,2,0,0,0,1,0,0,0,0,0,0,0]     39/19          39/19          15/38          49/38          49/38          109/152        
[0,0,0,0,2,0,0,0,0,0,0,0,0,0,0,0,0,0,0,0]     20/19          39/19          4/19           9/19           28/19          25/76          
[0,0,0,0,2,0,0,0,0,0,0,0,0,0,0,0,2,0,0,0]     39/19          39/19          8/19           24/19          24/19          14/19          
[0,0,0,0,2,0,0,0,0,0,0,0,1,0,0,0,1,0,0,0]     39/19          39/19          15/38          49/38          49/38          109/152        
[0,0,0,0,2,0,0,0,0,0,0,0,2,0,0,0,0,0,0,0]     39/19          39/19          8/19           24/19          24/19          14/19          
[0,0,0,0,2,0,0,0,1,0,0,0,0,0,0,0,1,0,0,0]     39/19          39/19          15/38          49/38          49/38          109/152        
[0,0,0,0,2,0,0,0,1,0,0,0,1,0,0,0,0,0,0,0]     39/19          39/19          15/38          49/38          49/38          109/152        
[0,0,0,0,2,0,0,0,2,0,0,0,0,0,0,0,0,0,0,0]     39/19          39/19          8/19           24/19          24/19          14/19          
[0,1,0,0,0,0,0,0,0,0,0,0,0,0,0,0,0,1,0,0]     36/19          39/19          6/19           23/19          26/19          47/76          
[0,1,0,0,0,0,0,0,0,0,0,0,0,1,0,0,0,0,0,0]     36/19          39/19          6/19           23/19          26/19          47/76          
[0,1,0,0,0,0,0,0,0,0,0,0,1,0,0,0,1,0,0,0]     36/19          39/19          13/38          45/38          51/38          97/152         
[0,1,0,0,0,0,0,0,0,1,0,0,0,0,0,0,0,0,0,0]     36/19          39/19          6/19           23/19          26/19          47/76          
[0,1,0,0,0,0,0,0,1,0,0,0,0,0,0,0,1,0,0,0]     36/19          39/19          13/38          45/38          51/38          97/152         
[0,1,0,0,0,0,0,0,1,0,0,0,1,0,0,0,0,0,0,0]     36/19          39/19          13/38          45/38          51/38          97/152         
[0,1,0,0,0,1,0,0,0,0,0,0,0,0,0,0,0,0,0,0]     36/19          39/19          6/19           23/19          26/19          47/76          
[0,1,0,0,1,0,0,0,0,0,0,0,0,0,0,0,1,0,0,0]     36/19          39/19          13/38          45/38          51/38          97/152         
[0,1,0,0,1,0,0,0,0,0,0,0,1,0,0,0,0,0,0,0]     36/19          39/19          13/38          45/38          51/38          97/152         
[0,1,0,0,1,0,0,0,1,0,0,0,0,0,0,0,0,0,0,0]     36/19          39/19          13/38          45/38          51/38          97/152         
[1,0,0,0,0,0,0,0,0,0,0,0,0,0,0,0,1,0,0,0]     20/19          39/19          7/38           1/2            3/2            47/152         
[1,0,0,0,0,0,0,0,0,0,0,0,0,1,0,0,1,0,0,0]     36/19          39/19          13/38          45/38          51/38          97/152         
[1,0,0,0,0,0,0,0,0,0,0,0,1,0,0,0,0,0,0,0]     20/19          39/19          7/38           1/2            3/2            47/152         
[1,0,0,0,0,0,0,0,0,0,0,0,1,0,0,0,0,1,0,0]     36/19          39/19          13/38          45/38          51/38          97/152         
[1,0,0,0,0,0,0,0,0,0,0,0,1,0,0,0,2,0,0,0]     39/19          39/19          15/38          49/38          49/38          109/152        
[1,0,0,0,0,0,0,0,0,0,0,0,2,0,0,0,1,0,0,0]     39/19          39/19          15/38          49/38          49/38          109/152        
[1,0,0,0,0,0,0,0,0,1,0,0,0,0,0,0,1,0,0,0]     36/19          39/19          13/38          45/38          51/38          97/152         
[1,0,0,0,0,0,0,0,0,1,0,0,1,0,0,0,0,0,0,0]     36/19          39/19          13/38          45/38          51/38          97/152         
[1,0,0,0,0,0,0,0,1,0,0,0,0,0,0,0,0,0,0,0]     20/19          39/19          7/38           1/2            3/2            47/152         
[1,0,0,0,0,0,0,0,1,0,0,0,0,0,0,0,0,1,0,0]     36/19          39/19          13/38          45/38          51/38          97/152         
[1,0,0,0,0,0,0,0,1,0,0,0,0,0,0,0,2,0,0,0]     39/19          39/19          15/38          49/38          49/38          109/152        
[1,0,0,0,0,0,0,0,1,0,0,0,0,1,0,0,0,0,0,0]     36/19          39/19          13/38          45/38          51/38          97/152         
[1,0,0,0,0,0,0,0,1,0,0,0,1,0,0,0,1,0,0,0]     36/19          39/19          7/19           22/19          25/19          25/38          
[1,0,0,0,0,0,0,0,1,0,0,0,2,0,0,0,0,0,0,0]     39/19          39/19          15/38          49/38          49/38          109/152        
[1,0,0,0,0,0,0,0,2,0,0,0,0,0,0,0,1,0,0,0]     39/19          39/19          15/38          49/38          49/38          109/152        
[1,0,0,0,0,0,0,0,2,0,0,0,1,0,0,0,0,0,0,0]     39/19          39/19          15/38          49/38          49/38          109/152        
[1,0,0,0,0,1,0,0,0,0,0,0,0,0,0,0,1,0,0,0]     36/19          39/19          13/38          45/38          51/38          97/152         
[1,0,0,0,0,1,0,0,0,0,0,0,1,0,0,0,0,0,0,0]     36/19          39/19          13/38          45/38          51/38          97/152         
[1,0,0,0,0,1,0,0,1,0,0,0,0,0,0,0,0,0,0,0]     36/19          39/19          13/38          45/38          51/38          97/152         
[1,0,0,0,1,0,0,0,0,0,0,0,0,0,0,0,0,0,0,0]     20/19          39/19          7/38           1/2            3/2            47/152         
[1,0,0,0,1,0,0,0,0,0,0,0,0,0,0,0,0,1,0,0]     36/19          39/19          13/38          45/38          51/38          97/152         
[1,0,0,0,1,0,0,0,0,0,0,0,0,0,0,0,2,0,0,0]     39/19          39/19          15/38          49/38          49/38          109/152        
[1,0,0,0,1,0,0,0,0,0,0,0,0,1,0,0,0,0,0,0]     36/19          39/19          13/38          45/38          51/38          97/152         
[1,0,0,0,1,0,0,0,0,0,0,0,1,0,0,0,1,0,0,0]     36/19          39/19          7/19           22/19          25/19          25/38          
[1,0,0,0,1,0,0,0,0,0,0,0,2,0,0,0,0,0,0,0]     39/19          39/19          15/38          49/38          49/38          109/152        
[1,0,0,0,1,0,0,0,0,1,0,0,0,0,0,0,0,0,0,0]     36/19          39/19          13/38          45/38          51/38          97/152         
[1,0,0,0,1,0,0,0,1,0,0,0,0,0,0,0,1,0,0,0]     36/19          39/19          7/19           22/19          25/19          25/38          
[1,0,0,0,1,0,0,0,1,0,0,0,1,0,0,0,0,0,0,0]     36/19          39/19          7/19           22/19          25/19          25/38          
[1,0,0,0,1,0,0,0,2,0,0,0,0,0,0,0,0,0,0,0]     39/19          39/19          15/38          49/38          49/38          109/152        
[1,0,0,0,2,0,0,0,0,0,0,0,0,0,0,0,1,0,0,0]     39/19          39/19          15/38          49/38          49/38          109/152        
[1,0,0,0,2,0,0,0,0,0,0,0,1,0,0,0,0,0,0,0]     39/19          39/19          15/38          49/38          49/38          109/152        
[1,0,0,0,2,0,0,0,1,0,0,0,0,0,0,0,0,0,0,0]     39/19          39/19          15/38          49/38          49/38          109/152        
[2,0,0,0,0,0,0,0,0,0,0,0,0,0,0,0,0,0,0,0]     20/19          39/19          4/19           9/19           28/19          25/76          
[2,0,0,0,0,0,0,0,0,0,0,0,0,0,0,0,2,0,0,0]     39/19          39/19          8/19           24/19          24/19          14/19          
[2,0,0,0,0,0,0,0,0,0,0,0,1,0,0,0,1,0,0,0]     39/19          39/19          15/38          49/38          49/38          109/152        
[2,0,0,0,0,0,0,0,0,0,0,0,2,0,0,0,0,0,0,0]     39/19          39/19          8/19           24/19          24/19          14/19          
[2,0,0,0,0,0,0,0,1,0,0,0,0,0,0,0,1,0,0,0]     39/19          39/19          15/38          49/38          49/38          109/152        
[2,0,0,0,0,0,0,0,1,0,0,0,1,0,0,0,0,0,0,0]     39/19          39/19          15/38          49/38          49/38          109/152        
[2,0,0,0,0,0,0,0,2,0,0,0,0,0,0,0,0,0,0,0]     39/19          39/19          8/19           24/19          24/19          14/19          
[2,0,0,0,1,0,0,0,0,0,0,0,0,0,0,0,1,0,0,0]     39/19          39/19          15/38          49/38          49/38          109/152        
[2,0,0,0,1,0,0,0,0,0,0,0,1,0,0,0,0,0,0,0]     39/19          39/19          15/38          49/38          49/38          109/152        
[2,0,0,0,1,0,0,0,1,0,0,0,0,0,0,0,0,0,0,0]     39/19          39/19          15/38          49/38          49/38          109/152        
[2,0,0,0,2,0,0,0,0,0,0,0,0,0,0,0,0,0,0,0]     39/19          39/19          8/19           24/19          24/19          14/19          
q(R)>E is potentially violated on: [[0,0,0,0,0,0,0,0,0,0,0,0,0,0,0,0,0,0,0,0], [0,0,0,0,0,0,0,0,0,0,0,0,0,0,0,0,2,0,0,0], [0,0,0,0,0,0,0,0,0,0,0,0,1,0,0,0,1,0,0,0], [0,0,0,0,0,0,0,0,0,0,0,0,2,0,0,0,0,0,0,0], [0,0,0,0,0,0,0,0,1,0,0,0,0,0,0,0,1,0,0,0], [0,0,0,0,0,0,0,0,1,0,0,0,1,0,0,0,0,0,0,0], [0,0,0,0,0,0,0,0,2,0,0,0,0,0,0,0,0,0,0,0], [0,0,0,0,1,0,0,0,0,0,0,0,0,0,0,0,1,0,0,0], [0,0,0,0,1,0,0,0,0,0,0,0,1,0,0,0,0,0,0,0], [0,0,0,0,1,0,0,0,1,0,0,0,0,0,0,0,0,0,0,0], [0,0,0,0,2,0,0,0,0,0,0,0,0,0,0,0,0,0,0,0], [1,0,0,0,0,0,0,0,0,0,0,0,0,0,0,0,1,0,0,0], [1,0,0,0,0,0,0,0,0,0,0,0,1,0,0,0,0,0,0,0], [1,0,0,0,0,0,0,0,1,0,0,0,0,0,0,0,0,0,0,0], [1,0,0,0,1,0,0,0,0,0,0,0,0,0,0,0,0,0,0,0], [2,0,0,0,0,0,0,0,0,0,0,0,0,0,0,0,0,0,0,0]]
Crude estimate: LL > 2E if CasG > 4/19*sqrt(33) + 49/38, approx. 2.4989
Scanning for 0 <= CasG <= C.
Fourier mode                                  CasG           KT?            LL >=          LL >= 2E?      
0                                             0                             -3/19                         
1e_2                                          1                             39/76                         
2e_1                                          20/19                         10/19                         
1e_1+1e_3                                     2                             113/76         >              
2e_2                                          39/19                         28/19          >              
2e_1+1e_2                                     40/19                         29/19          >              
4e_1                                          42/19                         31/19          >              

Done!