====== Sym2LowerBounds (2023/01/26, 14:30) for G=D20, H=D5D5D5D5======

LiE isotropy representation:      1X[0,0,0,0,0,0,0,0,0,0,1,0,0,0,0,1,0,0,0,0] +
     1X[0,0,0,0,0,1,0,0,0,0,0,0,0,0,0,1,0,0,0,0] +
     1X[0,0,0,0,0,1,0,0,0,0,1,0,0,0,0,0,0,0,0,0] +
     1X[1,0,0,0,0,0,0,0,0,0,0,0,0,0,0,1,0,0,0,0] +
     1X[1,0,0,0,0,0,0,0,0,0,1,0,0,0,0,0,0,0,0,0] +
     1X[1,0,0,0,0,1,0,0,0,0,0,0,0,0,0,0,0,0,0,0]
Einstein constant: E=7/19
Isotype in Sym^2_0                            CasGMin        CasGMax        CasH           A*AMin         A*AMax         q(R)Min        
[0,0,0,0,0,0,0,0,0,0,0,0,0,0,0,0,0,0,0,0]     20/19          39/19          0              11/19          30/19          11/76          
[0,0,0,0,0,0,0,0,0,0,0,0,0,0,0,2,0,0,0,0]     20/19          39/19          5/19           6/19           25/19          13/38          
[0,0,0,0,0,0,0,0,0,0,0,1,0,0,0,0,1,0,0,0]     36/19          39/19          8/19           1              22/19          51/76          
[0,0,0,0,0,0,0,0,0,0,1,0,0,0,0,1,0,0,0,0]     20/19          39/19          9/38           13/38          51/38          49/152         
[0,0,0,0,0,0,0,0,0,0,2,0,0,0,0,0,0,0,0,0]     20/19          39/19          5/19           6/19           25/19          13/38          
[0,0,0,0,0,0,0,0,0,0,2,0,0,0,0,2,0,0,0,0]     39/19          39/19          10/19          20/19          20/19          15/19          
[0,0,0,0,0,0,1,0,0,0,0,0,0,0,0,0,1,0,0,0]     36/19          39/19          8/19           1              22/19          51/76          
[0,0,0,0,0,0,1,0,0,0,0,1,0,0,0,0,0,0,0,0]     36/19          39/19          8/19           1              22/19          51/76          
[0,0,0,0,0,0,1,0,0,0,1,0,0,0,0,1,0,0,0,0]     36/19          39/19          17/38          37/38          43/38          105/152        
[0,0,0,0,0,1,0,0,0,0,0,0,0,0,0,1,0,0,0,0]     20/19          39/19          9/38           13/38          51/38          49/152         
[0,0,0,0,0,1,0,0,0,0,0,1,0,0,0,1,0,0,0,0]     36/19          39/19          17/38          37/38          43/38          105/152        
[0,0,0,0,0,1,0,0,0,0,1,0,0,0,0,0,0,0,0,0]     20/19          39/19          9/38           13/38          51/38          49/152         
[0,0,0,0,0,1,0,0,0,0,1,0,0,0,0,0,1,0,0,0]     36/19          39/19          17/38          37/38          43/38          105/152        
[0,0,0,0,0,1,0,0,0,0,1,0,0,0,0,2,0,0,0,0]     39/19          39/19          1/2            41/38          41/38          117/152        
[0,0,0,0,0,1,0,0,0,0,2,0,0,0,0,1,0,0,0,0]     39/19          39/19          1/2            41/38          41/38          117/152        
[0,0,0,0,0,2,0,0,0,0,0,0,0,0,0,0,0,0,0,0]     20/19          39/19          5/19           6/19           25/19          13/38          
[0,0,0,0,0,2,0,0,0,0,0,0,0,0,0,2,0,0,0,0]     39/19          39/19          10/19          20/19          20/19          15/19          
[0,0,0,0,0,2,0,0,0,0,1,0,0,0,0,1,0,0,0,0]     39/19          39/19          1/2            41/38          41/38          117/152        
[0,0,0,0,0,2,0,0,0,0,2,0,0,0,0,0,0,0,0,0]     39/19          39/19          10/19          20/19          20/19          15/19          
[0,1,0,0,0,0,0,0,0,0,0,0,0,0,0,0,1,0,0,0]     36/19          39/19          8/19           1              22/19          51/76          
[0,1,0,0,0,0,0,0,0,0,0,1,0,0,0,0,0,0,0,0]     36/19          39/19          8/19           1              22/19          51/76          
[0,1,0,0,0,0,0,0,0,0,1,0,0,0,0,1,0,0,0,0]     36/19          39/19          17/38          37/38          43/38          105/152        
[0,1,0,0,0,0,1,0,0,0,0,0,0,0,0,0,0,0,0,0]     36/19          39/19          8/19           1              22/19          51/76          
[0,1,0,0,0,1,0,0,0,0,0,0,0,0,0,1,0,0,0,0]     36/19          39/19          17/38          37/38          43/38          105/152        
[0,1,0,0,0,1,0,0,0,0,1,0,0,0,0,0,0,0,0,0]     36/19          39/19          17/38          37/38          43/38          105/152        
[1,0,0,0,0,0,0,0,0,0,0,0,0,0,0,1,0,0,0,0]     20/19          39/19          9/38           13/38          51/38          49/152         
[1,0,0,0,0,0,0,0,0,0,0,1,0,0,0,1,0,0,0,0]     36/19          39/19          17/38          37/38          43/38          105/152        
[1,0,0,0,0,0,0,0,0,0,1,0,0,0,0,0,0,0,0,0]     20/19          39/19          9/38           13/38          51/38          49/152         
[1,0,0,0,0,0,0,0,0,0,1,0,0,0,0,0,1,0,0,0]     36/19          39/19          17/38          37/38          43/38          105/152        
[1,0,0,0,0,0,0,0,0,0,1,0,0,0,0,2,0,0,0,0]     39/19          39/19          1/2            41/38          41/38          117/152        
[1,0,0,0,0,0,0,0,0,0,2,0,0,0,0,1,0,0,0,0]     39/19          39/19          1/2            41/38          41/38          117/152        
[1,0,0,0,0,0,1,0,0,0,0,0,0,0,0,1,0,0,0,0]     36/19          39/19          17/38          37/38          43/38          105/152        
[1,0,0,0,0,0,1,0,0,0,1,0,0,0,0,0,0,0,0,0]     36/19          39/19          17/38          37/38          43/38          105/152        
[1,0,0,0,0,1,0,0,0,0,0,0,0,0,0,0,0,0,0,0]     20/19          39/19          9/38           13/38          51/38          49/152         
[1,0,0,0,0,1,0,0,0,0,0,0,0,0,0,0,1,0,0,0]     36/19          39/19          17/38          37/38          43/38          105/152        
[1,0,0,0,0,1,0,0,0,0,0,0,0,0,0,2,0,0,0,0]     39/19          39/19          1/2            41/38          41/38          117/152        
[1,0,0,0,0,1,0,0,0,0,0,1,0,0,0,0,0,0,0,0]     36/19          39/19          17/38          37/38          43/38          105/152        
[1,0,0,0,0,1,0,0,0,0,1,0,0,0,0,1,0,0,0,0]     36/19          39/19          9/19           18/19          21/19          27/38          
[1,0,0,0,0,1,0,0,0,0,2,0,0,0,0,0,0,0,0,0]     39/19          39/19          1/2            41/38          41/38          117/152        
[1,0,0,0,0,2,0,0,0,0,0,0,0,0,0,1,0,0,0,0]     39/19          39/19          1/2            41/38          41/38          117/152        
[1,0,0,0,0,2,0,0,0,0,1,0,0,0,0,0,0,0,0,0]     39/19          39/19          1/2            41/38          41/38          117/152        
[2,0,0,0,0,0,0,0,0,0,0,0,0,0,0,0,0,0,0,0]     20/19          39/19          5/19           6/19           25/19          13/38          
[2,0,0,0,0,0,0,0,0,0,0,0,0,0,0,2,0,0,0,0]     39/19          39/19          10/19          20/19          20/19          15/19          
[2,0,0,0,0,0,0,0,0,0,1,0,0,0,0,1,0,0,0,0]     39/19          39/19          1/2            41/38          41/38          117/152        
[2,0,0,0,0,0,0,0,0,0,2,0,0,0,0,0,0,0,0,0]     39/19          39/19          10/19          20/19          20/19          15/19          
[2,0,0,0,0,1,0,0,0,0,0,0,0,0,0,1,0,0,0,0]     39/19          39/19          1/2            41/38          41/38          117/152        
[2,0,0,0,0,1,0,0,0,0,1,0,0,0,0,0,0,0,0,0]     39/19          39/19          1/2            41/38          41/38          117/152        
[2,0,0,0,0,2,0,0,0,0,0,0,0,0,0,0,0,0,0,0]     39/19          39/19          10/19          20/19          20/19          15/19          
q(R)>E is potentially violated on: [[0,0,0,0,0,0,0,0,0,0,0,0,0,0,0,0,0,0,0,0], [0,0,0,0,0,0,0,0,0,0,0,0,0,0,0,2,0,0,0,0], [0,0,0,0,0,0,0,0,0,0,1,0,0,0,0,1,0,0,0,0], [0,0,0,0,0,0,0,0,0,0,2,0,0,0,0,0,0,0,0,0], [0,0,0,0,0,1,0,0,0,0,0,0,0,0,0,1,0,0,0,0], [0,0,0,0,0,1,0,0,0,0,1,0,0,0,0,0,0,0,0,0], [0,0,0,0,0,2,0,0,0,0,0,0,0,0,0,0,0,0,0,0], [1,0,0,0,0,0,0,0,0,0,0,0,0,0,0,1,0,0,0,0], [1,0,0,0,0,0,0,0,0,0,1,0,0,0,0,0,0,0,0,0], [1,0,0,0,0,1,0,0,0,0,0,0,0,0,0,0,0,0,0,0], [2,0,0,0,0,0,0,0,0,0,0,0,0,0,0,0,0,0,0,0]]
Crude estimate: LL > 2E if CasG > 1/19*sqrt(555) + 26/19, approx. 2.6083
Scanning for 0 <= CasG <= C.
Fourier mode                                  CasG           KT?            LL >=          LL >= 2E?      
0                                             0              !              -4/19                         
1e_2                                          1                             29/76                         
2e_1                                          20/19                         15/38                         
1e_1+1e_3                                     2                             103/76         >              
2e_2                                          39/19                         51/38          >              
2e_1+1e_2                                     40/19                         53/38          >              
4e_1                                          42/19                         3/2            >              

Done!