====== Sym2LowerBounds (2023/03/04 19:15) for G=D7, H=T7======

LiE isotropy representation:      1X[-2, 1, 0, 0, 0, 0, 0] +1X[-1,-1, 1, 0, 0, 0, 0] +
     1X[-1, 0,-1, 1, 0, 0, 0] +1X[-1, 0, 0,-1, 1, 0, 0] +
     1X[-1, 0, 0, 0,-1, 1, 1] +1X[-1, 0, 0, 0, 0,-1, 1] +
     1X[-1, 0, 0, 0, 0, 1,-1] +1X[-1, 0, 0, 0, 1,-1,-1] +
     1X[-1, 0, 0, 1,-1, 0, 0] +1X[-1, 0, 1,-1, 0, 0, 0] +
     1X[-1, 0, 1, 0, 0, 0, 0] +1X[-1, 1,-1, 0, 0, 0, 0] +
     1X[-1, 1,-1, 1, 0, 0, 0] +1X[-1, 1, 0,-1, 1, 0, 0] +
     1X[-1, 1, 0, 0,-1, 1, 1] +1X[-1, 1, 0, 0, 0,-1, 1] +
     1X[-1, 1, 0, 0, 0, 1,-1] +1X[-1, 1, 0, 0, 1,-1,-1] +
     1X[-1, 1, 0, 1,-1, 0, 0] +1X[-1, 1, 1,-1, 0, 0, 0] +
     1X[-1, 2,-1, 0, 0, 0, 0] +1X[ 0,-1, 0, 0, 0, 0, 0] +
     1X[ 0,-1, 0, 1, 0, 0, 0] +1X[ 0,-1, 1,-1, 1, 0, 0] +
     1X[ 0,-1, 1, 0,-1, 1, 1] +1X[ 0,-1, 1, 0, 0,-1, 1] +
     1X[ 0,-1, 1, 0, 0, 1,-1] +1X[ 0,-1, 1, 0, 1,-1,-1] +
     1X[ 0,-1, 1, 1,-1, 0, 0] +1X[ 0,-1, 2,-1, 0, 0, 0] +
     1X[ 0, 0,-1, 0, 1, 0, 0] +1X[ 0, 0,-1, 1,-1, 1, 1] +
     1X[ 0, 0,-1, 1, 0,-1, 1] +1X[ 0, 0,-1, 1, 0, 1,-1] +
     1X[ 0, 0,-1, 1, 1,-1,-1] +1X[ 0, 0,-1, 2,-1, 0, 0] +
     1X[ 0, 0, 0,-1, 0, 1, 1] +1X[ 0, 0, 0,-1, 1,-1, 1] +
     1X[ 0, 0, 0,-1, 1, 1,-1] +1X[ 0, 0, 0,-1, 2,-1,-1] +
     1X[ 0, 0, 0, 0,-1, 0, 2] +1X[ 0, 0, 0, 0,-1, 2, 0] +
     1X[ 0, 0, 0, 0, 1,-2, 0] +1X[ 0, 0, 0, 0, 1, 0,-2] +
     1X[ 0, 0, 0, 1,-2, 1, 1] +1X[ 0, 0, 0, 1,-1,-1, 1] +
     1X[ 0, 0, 0, 1,-1, 1,-1] +1X[ 0, 0, 0, 1, 0,-1,-1] +
     1X[ 0, 0, 1,-2, 1, 0, 0] +1X[ 0, 0, 1,-1,-1, 1, 1] +
     1X[ 0, 0, 1,-1, 0,-1, 1] +1X[ 0, 0, 1,-1, 0, 1,-1] +
     1X[ 0, 0, 1,-1, 1,-1,-1] +1X[ 0, 0, 1, 0,-1, 0, 0] +
     1X[ 0, 1,-2, 1, 0, 0, 0] +1X[ 0, 1,-1,-1, 1, 0, 0] +
     1X[ 0, 1,-1, 0,-1, 1, 1] +1X[ 0, 1,-1, 0, 0,-1, 1] +
     1X[ 0, 1,-1, 0, 0, 1,-1] +1X[ 0, 1,-1, 0, 1,-1,-1] +
     1X[ 0, 1,-1, 1,-1, 0, 0] +1X[ 0, 1, 0,-1, 0, 0, 0] +
     1X[ 0, 1, 0, 0, 0, 0, 0] +1X[ 1,-2, 1, 0, 0, 0, 0] +
     1X[ 1,-1,-1, 1, 0, 0, 0] +1X[ 1,-1, 0,-1, 1, 0, 0] +
     1X[ 1,-1, 0, 0,-1, 1, 1] +1X[ 1,-1, 0, 0, 0,-1, 1] +
     1X[ 1,-1, 0, 0, 0, 1,-1] +1X[ 1,-1, 0, 0, 1,-1,-1] +
     1X[ 1,-1, 0, 1,-1, 0, 0] +1X[ 1,-1, 1,-1, 0, 0, 0] +
     1X[ 1,-1, 1, 0, 0, 0, 0] +1X[ 1, 0,-1, 0, 0, 0, 0] +
     1X[ 1, 0,-1, 1, 0, 0, 0] +1X[ 1, 0, 0,-1, 1, 0, 0] +
     1X[ 1, 0, 0, 0,-1, 1, 1] +1X[ 1, 0, 0, 0, 0,-1, 1] +
     1X[ 1, 0, 0, 0, 0, 1,-1] +1X[ 1, 0, 0, 0, 1,-1,-1] +
     1X[ 1, 0, 0, 1,-1, 0, 0] +1X[ 1, 0, 1,-1, 0, 0, 0] +
     1X[ 1, 1,-1, 0, 0, 0, 0] +1X[ 2,-1, 0, 0, 0, 0, 0]
Einstein constant: E=7/24
q(R)>E is potentially violated on a subspace of dimension: 1
Crude estimate: LL > 2E if CasG > 2/3*sqrt(3) + 7/6, approx. 2.3214
Scanning for 0 <= CasG <= C.
Fourier mode             CasG           LL >=          LL >= 2E?      
0                        0              0                             
1e_2                     1              17/24          >              
2e_1                     7/6            3/4            >              
1e_4                     5/3            11/8           >              
1e_1+1e_3                2              3/2            >              
1e_6+1e_7                2              41/24          >              
2e_2                     13/6           19/12          >              

Done!